//-------------------------------------------------------------------
//                                                                   
//  This code is copyright 2001 by G5 Software.                      
//  Any unauthorized usage, either in part or in whole of this code  
//  is strictly prohibited. Violators WILL be prosecuted to the      
//  maximum extent allowed by law.                                   
//    Redux A&S Check                                                               
//-------------------------------------------------------------------
//                                                                   
//  Automatically-generated mission script file                      
//  DO NOT EDIT!                                                     
//                                                                   
//-------------------------------------------------------------------


class CC2M2Content
{
  static String m_ObjectListClassFile = "Missions/Campaign_2/Mission_2/Content.script";
  static String m_ObjectListClassName = "CC2M2Content";

  static Array  m_MissionObjectList   = [
    [
      "Atmosphere",
      "",
      "",
      new Matrix(
          1.000000, 0.000000, 0.000000, 0.000000,
          0.000000, 1.000000, 0.000000, 0.000000,
          0.000000, 0.000000, 1.000000, 0.000000,
          0.000000, 0.000000, 0.000000, 1.000000
        ),
      [
        ["AmbientLight", new Color(0.156863, 0.203922, 0.243137, 1.000000)],
        ["AntiSunAngle", 10.000000],
        ["AntiSunColor", new Color(0.584314, 0.584314, 0.784314, 1.000000)],
        ["AntiSunEnabled", true],
        ["AntiSunIntensity", 0.300000],
        ["EnableHorizontAdjustment", true],
        ["FogColorXPos", new Color(0.917647, 0.905882, 0.858824, 1.000000)],
        ["FogColorXNeg", new Color(0.549020, 0.619608, 0.568627, 1.000000)],
        ["FogColorYPos", new Color(0.658824, 0.701961, 0.701961, 1.000000)],
        ["FogColorYNeg", new Color(0.721569, 0.772549, 0.772549, 1.000000)],
        ["FogDensity", 0.001300],
        ["FogNear", 1.000000],
        ["FogFar", 3000.000000],
        ["FogFarMax", 3000.000000],
        ["FogMode", "Exp"],
        ["ShadowColor", new Color(0.619608, 0.643137, 0.670588, 1.000000)],
        ["SunColor", new Color(0.988235, 0.937255, 0.780392, 1.000000)],
        ["ShadowFar", 1100.000000],
        ["SunDirection", new Vector(0.990000, -0.670000, -0.400000)],
        ["SunIntensity", 0.800000],
        ["TreeLightKoef", 0.600000],
        ["TreeNormalRelax", 0.000000], // Redux Line Missing
        ["TreeShadowLodDistance", 35.000000],
        ["AntiSunHorAngle", 105.000000],
        ["StencilShadowColor", new Color(0.619608, 0.643137, 0.670588, 1.000000)],      
        ["SunShines", 0.100000]
      ]
    ],

    [
      "Terrain",
      "",
      "",
      new Matrix(
          1.000000, 0.000000, 0.000000, 0.000000,
          0.000000, 1.000000, 0.000000, 0.000000,
          0.000000, 0.000000, 1.000000, 0.000000,
          0.000000, 0.000000, 0.000000, 1.000000
        ),
      [
        ["ForestTextureScale", 0.500000],
        ["ForestShadowBorderScale", 0.400000],
        ["ForestShadowAlphaScale", 0.500000],
        ["ForestBeginFadeDist", [250.000000, 480.000000]],     
        ["VertForestDistMin", 800.000000],
        ["VertForestDistMax", 8000.000000],
        ["VertForestAngleMin", 0.000000],
        ["VertForestAngleMax", 45.000000],
        ["VertForestBeginFadeDist", [250.000000, 410.000000]],
		["TerrainShadowPower", 3.000000],
        ["IsAntiLighting", true],      
		["NormalNoise", 0.300000], //Redux Line Missing
        ["WaterBorderColor", new Color(0.556863, 0.521569, 0.443137, 1.000000)]
      ]
    ],

    [
      "MainPlayerUnit",
      "GameObject",
      "CTankPzVIAusfEUnit",
      new Matrix(
          0.973687, -0.225987, 0.029393, 3258.336914,
          0.223741, 0.972474, 0.065066, 5101.689941,
          -0.043288, -0.056778, 0.997448, 587.755432,
          0.000000, 0.000000, 0.000000, 1.000000
        ),
      [
        ["IsPlayer", true],
        ["IsManual", true],
        ["Affiliation", "FRIEND"],
        ["Number", "223"]
      ]
    ],

    [
      "MPU_Group_Tiger",
      "GameObject",
      "CTankPzVIAusfEUnit",
      new Matrix(
          0.965196, -0.261529, 0.000000, 3280.664551,
          0.261529, 0.965196, 0.000000, 5140.446777,
          0.000000, 0.000000, 1.000000, 587.260864,
          0.000000, 0.000000, 0.000000, 1.000000
        ),
      [
        ["Affiliation", "FRIEND"],
        ["BehRadarMask", [["ENEMY", "MainMesh"], ["FRIEND", "INVISIBLE_ON_RADAR", "AIR"]]],
        ["Task", "CC2M2GerMPUGroupTankTask"],
        ["Number", "221"]
      ]
    ],

    [
      "MPU_Group_T4_1",
      "GameObject",
      "CTankPzIVGUnit",
      new Matrix(
          0.971973, -0.235093, 0.000000, 3324.902832,
          0.235093, 0.971973, 0.000000, 5119.629883,
          0.000000, 0.000000, 1.000000, 587.464539,
          0.000000, 0.000000, 0.000000, 1.000000
        ),
      [
        ["Affiliation", "FRIEND"],
        ["Task", "CC2M2GerMPUGroupTankTask"],
        ["BehRadarMask", [["ENEMY", "MainMesh"], ["FRIEND", "INVISIBLE_ON_RADAR", "AIR"]]],
        ["Number", "w211"]
      ]
    ],

    [
      "MPU_Group_T4_2",
      "GameObject",
      "CTankPzIVGUnit",
      new Matrix(
          0.996174, 0.087386, 0.000000, 3307.843262,
          -0.087386, 0.996174, 0.000000, 5139.366211,
          0.000000, 0.000000, 1.000000, 587.447876,
          0.000000, 0.000000, 0.000000, 1.000000
        ),
      [
        ["Affiliation", "FRIEND"],
        ["BehRadarMask", [["ENEMY", "MainMesh"], ["FRIEND", "INVISIBLE_ON_RADAR", "AIR"]]],
        ["Task", "CC2M2GerMPUGroupTankTask"],
        ["Number", "w212"]
      ]
    ],

    [
      "CC2M2GerGroupHanomag",
      "UnitGroup",
      "CC2M2GerGroupHanomag",
      new Matrix(
          0.952164, -0.305588, -0.000027, 3271.357178,
          0.305240, 0.951078, 0.047747, 5110.252930,
          -0.014565, -0.045471, 0.998859, 591.236206,
          0.000000, 0.000000, 0.000000, 1.000000
        ),
      [
        ["Units", ["MPU_Group_Hanomag_1", "MPU_Group_Hanomag_2"]],
        ["DelayedOrder", true],
        ["MovingSpeed", 4],
        ["CyclePath", false],
        ["FormationDistance", 45],
        ["MinDifficulty", 0]
      ]
    ],

    [
      "MPU_Group_Hanomag_1",
      "GameObject",
      "CBtrHanomag251AusfCUnit",
      new Matrix(
          0.952062, -0.305904, 0.000000, 3271.357178,
          0.305904, 0.952062, 0.000000, 5110.252930,
          0.000000, 0.000000, 1.000000, 586.035645,
          0.000000, 0.000000, 0.000000, 1.000000
        ),
      [
        ["Task", "CC2M2GerHanomagTask"],
        ["Affiliation", "FRIEND"],
        ["BehRadarMask", [["ENEMY", "MainMesh"], ["FRIEND", "INVISIBLE_ON_RADAR", "AIR"]]]
      ]
    ],

    [
      "MPU_Group_Hanomag_2",
      "GameObject",
      "CBtrHanomag251AusfCUnit",
      new Matrix(
          0.903851, -0.427848, 0.000000, 3264.093262,
          0.427848, 0.903851, 0.000000, 5132.097656,
          0.000000, 0.000000, 1.000000, 586.003479,
          0.000000, 0.000000, 0.000000, 1.000000
        ),
      [
        ["Task", "CC2M2GerHanomagTask"],
        ["Affiliation", "FRIEND"],
        ["BehRadarMask", [["ENEMY", "MainMesh"], ["FRIEND", "INVISIBLE_ON_RADAR", "AIR"]]]
      ]
    ],

    [
      "CC2M2GerMPU_GroupAll",
      "UnitGroup",
      "CC2M2GerMPU_GroupAll",
      new Matrix(
          0.972294, -0.233713, 0.004764, 3324.902832,
          0.231714, 0.966268, 0.112400, 5119.629883,
          -0.030873, -0.108182, 0.993652, 592.493225,
          0.000000, 0.000000, 0.000000, 1.000000
        ),
      [
        ["Units", ["MPU_Group_Tiger", "MPU_Group_T4_1", "MPU_Group_T4_2", "MPU_Group_Hanomag_1", "MPU_Group_Hanomag_2"]],
        ["Path", ["GermanPath1_1", "GermanPath1_2", "GermanPath1_3", "GermanPath1_4"]],
        ["DelayedOrder", true],
        ["Formation", "Column"],
        ["FormationDistance", 45],
        ["MovingSpeed", 3.600000],
        ["FirstOrder", "Patrol"],
        ["CyclePath", false]
      ]
    ],

    [
      "RusGroup1_T76_1",
      "GameObject",
      "CTankT34_76_42Unit",
      new Matrix(
          -0.589152, -0.808022, 0.000000, 4729.346191,
          0.808022, -0.589152, 0.000000, 3689.063965,
          0.000000, 0.000000, 1.000000, 589.197571,
          0.000000, 0.000000, 0.000000, 1.000000
        ),
      [
        ["Affiliation", "ENEMY"],
        ["Task", "CC2M2RusTank76Task"],
        ["Number", "22_30"]
      ]
    ],

    [
      "RusGroup1_T76_2",
      "GameObject",
      "CTankT34_76_42Unit",
      new Matrix(
          -0.558615, -0.829427, 0.000000, 4725.368164,
          0.829427, -0.558615, 0.000000, 3675.394531,
          0.000000, 0.000000, 1.000000, 588.062195,
          0.000000, 0.000000, 0.000000, 1.000000
        ),
      [
        ["Affiliation", "ENEMY"],
        ["Task", "CC2M2RusTank76Task"],
        ["Number", "22_31"]
      ]
    ],

    [
      "RusGroup1_T76_3",
      "GameObject",
      "CTankT34_76_42Unit",
      new Matrix(
          -0.641531, -0.767097, 0.000000, 4724.825684,
          0.767097, -0.641531, 0.000000, 3658.176758,
          0.000000, 0.000000, 1.000000, 588.361023,
          0.000000, 0.000000, 0.000000, 1.000000
        ),
      [
        ["Affiliation", "ENEMY"],
        ["Task", "CC2M2RusTank76Task"],
        ["Number", "22_32"]
      ]
    ],

    [
      "CC2M2RusGroup1_76Tank",
      "UnitGroup",
      "CC2M2RusGroup1_76Tank",
      new Matrix(
          -0.587651, -0.807991, 0.042626, 4729.346191,
          0.806859, -0.589130, -0.043642, 3689.063965,
          0.060375, 0.008747, 0.998137, 589.204712,
          0.000000, 0.000000, 0.000000, 1.000000
        ),
      [
        ["Units", ["RusGroup1_T76_1", "RusGroup1_T76_2", "RusGroup1_T76_3"]],
        ["Path", ["RusianPath1_1", "RusianPath1_2", "RusianPath1_3", "RusianPath1_4", "RusianPath1_5"]],
        ["DelayedOrder", true],
        ["Formation", "Column"],
        ["FormationDistance", 100],
        ["MovingSpeed", 3.300000],
        ["FirstOrder", "Patrol"],
        ["CyclePath", false]
      ]
    ],

    [
      "CC2M2RusGroupZis",
      "UnitGroup",
      "CC2M2RusGroupZis",
      new Matrix(
          -0.039989, -0.994683, -0.094901, 4976.711914,
          0.995739, -0.047569, 0.079003, 3302.650879,
          -0.083097, -0.091338, 0.992347, 579.928833,
          0.000000, 0.000000, 0.000000, 1.000000
        ),
      [
        ["Units", ["Zis_1", "Zis_2", "Zis_3"]],
        ["MinDifficulty", 0]
      ]
    ],

    [
      "Zis_1",
      "GameObject",
      "CGunZis3Unit",
      new Matrix(
          -0.039988, -0.994684, -0.094893, 4976.711914,
          0.995738, -0.047568, 0.079011, 3302.650879,
          -0.083105, -0.091330, 0.992347, 579.928833,
          0.000000, 0.000000, 0.000000, 1.000000
        ),
      [
        ["Task", "CBaseAITask"],
        ["Affiliation", "ENEMY"]
      ]
    ],

    [
      "Zis_2",
      "GameObject",
      "CGunZis3Unit",
      new Matrix(
          -0.013413, -0.999910, -0.000028, 4841.026367,
          0.999910, -0.013413, 0.000000, 3294.501221,
          0.000000, -0.000028, 1.000000, 577.960144,
          0.000000, 0.000000, 0.000000, 1.000000
        ),
      [
        ["Task", "CBaseAITask"],
        ["Affiliation", "ENEMY"]
      ]
    ],

    [
      "Zis_3",
      "GameObject",
      "CGunZis3Unit",
      new Matrix(
          0.023295, -0.997630, 0.064740, 4882.948730,
          0.995280, 0.029244, 0.092531, 3299.037598,
          -0.094205, 0.062279, 0.993603, 576.564026,
          0.000000, 0.000000, 0.000000, 1.000000
        ),
      [
        ["Task", "CBaseAITask"],
        ["Affiliation", "ENEMY"]
      ]
    ],

    [
      "RusianPath1_1",
      "NavPoint",
      "CZAxisCylNavPoint",
      new Matrix(
          -0.665480, -0.746416, 0.000000, 4849.241699,
          0.746416, -0.665480, 0.000000, 3901.526855,
          0.000000, 0.000000, 1.000000, 579.125366,
          0.000000, 0.000000, 0.000000, 1.000000
        ),
      [
        ["Range", 5.000000]
      ]
    ],

    [
      "RusianPath1_2",
      "NavPoint",
      "CZAxisCylNavPoint",
      new Matrix(
          -0.665480, -0.746416, 0.000000, 4901.047852,
          0.746416, -0.665480, 0.000000, 4333.721191,
          0.000000, 0.000000, 1.000000, 715.034180,
          0.000000, 0.000000, 0.000000, 1.000000
        ),
      [
        ["Range", 5.000000]
      ]
    ],

    [
      "RusianPath1_3",
      "NavPoint",
      "CZAxisCylNavPoint",
      new Matrix(
          -0.665480, -0.746416, 0.000000, 4838.967285,
          0.746416, -0.665480, 0.000000, 4549.089844,
          0.000000, 0.000000, 1.000000, 699.873047,
          0.000000, 0.000000, 0.000000, 1.000000
        ),
      [
        ["Range", 5.000000]
      ]
    ],

    [
      "RusianPath1_5",
      "NavPoint",
      "CZAxisCylNavPoint",
      new Matrix(
          -0.665480, -0.746416, 0.000000, 4943.735840,
          0.746416, -0.665480, 0.000000, 5079.421875,
          0.000000, 0.000000, 1.000000, 664.403015,
          0.000000, 0.000000, 0.000000, 1.000000
        ),
      [
        ["Range", 5.000000]
      ]
    ],

    [
      "GermanPath1_1",
      "NavPoint",
      "CZAxisCylNavPoint",
      new Matrix(
          -0.665480, -0.746416, 0.000000, 3400.038086,
          0.746416, -0.665480, 0.000000, 5154.222656,
          0.000000, 0.000000, 1.000000, 597.960388,
          0.000000, 0.000000, 0.000000, 1.000000
        ),
      [
        ["Range", 5.000000]
      ]
    ],

    [
      "GermanPath1_2",
      "NavPoint",
      "CZAxisCylNavPoint",
      new Matrix(
          -0.665480, -0.746416, 0.000000, 3857.633545,
          0.746416, -0.665480, 0.000000, 5319.894043,
          0.000000, 0.000000, 1.000000, 610.071472,
          0.000000, 0.000000, 0.000000, 1.000000
        ),
      [
        ["Range", 5.000000]
      ]
    ],

    [
      "GermanPath1_3",
      "NavPoint",
      "CZAxisCylNavPoint",
      new Matrix(
          -0.665480, -0.746416, 0.000000, 4333.496582,
          0.746416, -0.665480, 0.000000, 5333.887207,
          0.000000, 0.000000, 1.000000, 603.279297,
          0.000000, 0.000000, 0.000000, 1.000000
        ),
      [
        ["Range", 5.000000]
      ]
    ],

    [
      "GermanPath1_4",
      "NavPoint",
      "CZAxisCylNavPoint",
      new Matrix(
          -0.665480, -0.746416, 0.000000, 4984.434570,
          0.746416, -0.665480, 0.000000, 5262.994141,
          0.000000, 0.000000, 1.000000, 656.916138,
          0.000000, 0.000000, 0.000000, 1.000000
        ),
      [
        ["Range", 15.000000],
        ["Detect", true],
        ["Name", ""],
        ["Mask", [[], []]],
        ["IsVisible", true],
        ["PositionType", ""],
        ["BehaviorHeight", 0.000000],
        ["MapCompass", false],
        ["IsMain", false]
      ]
    ],

    [
      "CC2M2GerReinforcementGroup",
      "UnitGroup",
      "CC2M2GerReinforcementGroup",
      new Matrix(
          0.115985, 0.993010, 0.021880, 4842.375000,
          -0.992829, 0.115266, 0.031687, 6681.019043,
          0.028944, -0.025399, 0.999258, 586.331665,
          0.000000, 0.000000, 0.000000, 1.000000
        ),
      [
        ["Units", ["GermanTank_T4_1", "GermanTank_T4_2", "GermanTank_T4_3"]],
        ["Path", ["GermanPath2_1", "GermanPath2_2", "GermanPath2_3", "GermanPath2_4", "GermanPath2_4_5", "GermanPath2_5"]],
        ["DelayedOrder", true],
        ["Formation", "Column"],
        ["FormationDistance", 30],
        ["MovingSpeed", 6.000000],
        ["FirstOrder", "Patrol"],
        ["CyclePath", false]
      ]
    ],

    [
      "GermanTank_T4_1",
      "GameObject",
      "CTankPzIVGUnit",
      new Matrix(
          0.115969, 0.992984, 0.023083, 4842.375000,
          -0.992852, 0.115231, 0.031089, 6681.019043,
          0.028211, -0.026523, 0.999250, 586.400085,
          0.000000, 0.000000, 0.000000, 1.000000
        ),
      [
        ["Task", "CC2M2GerReinforcementTask"],
        ["Affiliation", "FRIEND"],
        ["BehRadarMask", [["ENEMY", "MainMesh"], ["FRIEND", "INVISIBLE_ON_RADAR", "AIR"]]],
        ["Number", "w221"]
      ]
    ],

    [
      "GermanTank_T4_2",
      "GameObject",
      "CTankPzIVGUnit",
      new Matrix(
          0.116012, 0.993248, 0.000000, 4839.868652,
          -0.993248, 0.116012, 0.000000, 6695.669434,
          0.000000, 0.000000, 1.000000, 584.503296,
          0.000000, 0.000000, 0.000000, 1.000000
        ),
      [
        ["Task", "CC2M2GerReinforcementTask"],
        ["Affiliation", "FRIEND"],
        ["BehRadarMask", [["ENEMY", "MainMesh"], ["FRIEND", "INVISIBLE_ON_RADAR", "AIR"]]],
        ["Number", "w222"]
      ]
    ],

    [
      "GermanTank_T4_3",
      "GameObject",
      "CTankPzIVGUnit",
      new Matrix(
          0.116990, 0.993133, 0.000000, 4836.972656,
          -0.993133, 0.116990, 0.000000, 6713.334473,
          0.000000, 0.000000, 1.000000, 584.312744,
          0.000000, 0.000000, 0.000000, 1.000000
        ),
      [
        ["Task", "CC2M2GerReinforcementTask"],
        ["Affiliation", "FRIEND"],
        ["BehRadarMask", [["ENEMY", "MainMesh"], ["FRIEND", "INVISIBLE_ON_RADAR", "AIR"]]],
        ["Number", "w223"]
      ]
    ],

    [
      "GermanPath2_1",
      "NavPoint",
      "CZAxisCylNavPoint",
      new Matrix(
          -0.665480, -0.746416, 0.000000, 4853.347168,
          0.746416, -0.665480, 0.000000, 6625.400391,
          0.000000, 0.000000, 1.000000, 585.422974,
          0.000000, 0.000000, 0.000000, 1.000000
        ),
      [
        ["Range", 5.000000]
      ]
    ],

    [
      "GermanPath2_2",
      "NavPoint",
      "CZAxisCylNavPoint",
      new Matrix(
          -0.665480, -0.746416, 0.000000, 4842.627930,
          0.746416, -0.665480, 0.000000, 6144.730469,
          0.000000, 0.000000, 1.000000, 585.347229,
          0.000000, 0.000000, 0.000000, 1.000000
        ),
      [
        ["Range", 5.000000]
      ]
    ],

    [
      "GermanPath2_3",
      "NavPoint",
      "CZAxisCylNavPoint",
      new Matrix(
          -0.665480, -0.746416, 0.000000, 4961.342773,
          0.746416, -0.665480, 0.000000, 5786.473145,
          0.000000, 0.000000, 1.000000, 606.046692,
          0.000000, 0.000000, 0.000000, 1.000000
        ),
      [
        ["Range", 5.000000]
      ]
    ],

    [
      "GermanPath2_4",
      "NavPoint",
      "CZAxisCylNavPoint",
      new Matrix(
          -0.665480, -0.746416, 0.000000, 5091.198242,
          0.746416, -0.665480, 0.000000, 5481.486328,
          0.000000, 0.000000, 1.000000, 619.219971,
          0.000000, 0.000000, 0.000000, 1.000000
        ),
      [
        ["Range", 5.000000]
      ]
    ],

    [
      "GermanPath2_5",
      "NavPoint",
      "CZAxisCylNavPoint",
      new Matrix(
          -0.665480, -0.746416, 0.000000, 5028.392090,
          0.746416, -0.665480, 0.000000, 5282.912109,
          0.000000, 0.000000, 1.000000, 662.248718,
          0.000000, 0.000000, 0.000000, 1.000000
        ),
      [
        ["Range", 15.000000],
        ["Detect", true],
        ["Name", ""],
        ["Mask", [[], []]],
        ["IsVisible", true],
        ["PositionType", ""],
        ["BehaviorHeight", 0.000000],
        ["MapCompass", false],
        ["IsMain", false]
      ]
    ],

    [
      "CC2M2RusGroupReinforcement76Tank",
      "UnitGroup",
      "CC2M2RusGroupReinforcement76Tank",
      new Matrix(
          0.050188, -0.995981, 0.074190, 4879.181641,
          0.998070, 0.052736, 0.032794, 3269.128662,
          -0.036575, 0.072401, 0.996705, 578.268066,
          0.000000, 0.000000, 0.000000, 1.000000
        ),
      [
        ["Units", ["RusGroup2_T76_1", "RusGroup2_T76_2", "RusGroup2_T76_3"]],
        ["Path", ["RusianPath2_1", "RusianPath2_2", "RusianPath2_3", "RusianPath2_4", "RusianPath2_5"]],
        ["DelayedOrder", true],
        ["Formation", "Column"],
        ["FormationDistance", 20],
        ["MovingSpeed", 5.000000],
        ["FirstOrder", "Patrol"],
        ["CyclePath", false]
      ]
    ],

    [
      "RusGroup2_T76_1",
      "GameObject",
      "CTankT34_76_42Unit",
      new Matrix(
          0.050243, -0.996049, 0.073228, 4879.181641,
          0.998094, 0.052706, 0.032101, 3269.128662,
          -0.035833, 0.071475, 0.996798, 578.266907,
          0.000000, 0.000000, 0.000000, 1.000000
        ),
      [
        ["Affiliation", "ENEMY"],
        ["Task", "CC2M2RusTank76ReinforcementTask"],
        ["Number", "22_34"]
      ]
    ],

    [
      "RusGroup2_T76_2",
      "GameObject",
      "CTankT34_76_42Unit",
      new Matrix(
          0.022666, -0.999743, -0.000024, 4777.192383,
          0.999743, 0.022666, 0.000000, 3241.238037,
          0.000001, -0.000024, 1.000000, 578.777588,
          0.000000, 0.000000, 0.000000, 1.000000
        ),
      [
        ["Affiliation", "ENEMY"],
        ["Task", "CC2M2RusTank76ReinforcementTask"],
        ["Number", "22_36"]
      ]
    ],

    [
      "RusGroup2_T76_3",
      "GameObject",
      "CTankT34_76_42Unit",
      new Matrix(
          -0.002679, -0.999996, -0.000005, 4838.478027,
          0.999996, -0.002679, 0.000000, 3189.645508,
          0.000000, -0.000005, 1.000000, 578.777649,
          0.000000, 0.000000, 0.000000, 1.000000
        ),
      [
        ["Affiliation", "ENEMY"],
        ["Task", "CC2M2RusTank76ReinforcementTask"],
        ["Number", "22_37"]
      ]
    ],

    [
      "CC2M2RusGroupSau",
      "UnitGroup",
      "CC2M2RusGroupSau",
      new Matrix(
          0.215236, -0.976494, -0.011506, 4557.192383,
          0.976531, 0.215120, 0.010486, 3157.877930,
          -0.007765, -0.013493, 0.999879, 576.607666,
          0.000000, 0.000000, 0.000000, 1.000000
        ),
      [
        ["Units", ["Russian_Su_1"]],
        ["Path", ["RusianPathSau_1", "RusianPathSau_2", "RusianPathSau_3"]],
        ["DelayedOrder", true],
        ["Formation", "Column"],
        ["FormationDistance", 20],
        ["MovingSpeed", 5.000000],
        ["FirstOrder", "Patrol"],
        ["CyclePath", false]
      ]
    ],

    [
      "Russian_Su_1",
      "GameObject",
      "CSAUSU85Unit",
      new Matrix(
          0.215140, -0.976583, 0.000000, 4557.192383,
          0.976583, 0.215140, 0.000000, 3157.877930,
          0.000000, 0.000000, 1.000000, 578.476196,
          0.000000, 0.000000, 0.000000, 1.000000
        ),
      [
        ["Affiliation", "ENEMY"],
        ["Task", "CC2M2RusSuTask"],
        ["Number", "SAU_303"]
      ]
    ],

    [
      "RusianPathSau_1",
      "NavPoint",
      "CZAxisCylNavPoint",
      new Matrix(
          -0.665480, -0.746416, 0.000000, 4569.186523,
          0.746416, -0.665480, 0.000000, 3207.234619,
          0.000000, 0.000000, 1.000000, 490.135834,
          0.000000, 0.000000, 0.000000, 1.000000
        ),
      [
        ["Range", 5.000000]
      ]
    ],

    [
      "RusianPathSau_2",
      "NavPoint",
      "CZAxisCylNavPoint",
      new Matrix(
          -0.665480, -0.746416, 0.000000, 4597.576660,
          0.746416, -0.665480, 0.000000, 3264.684814,
          0.000000, 0.000000, 1.000000, 498.732483,
          0.000000, 0.000000, 0.000000, 1.000000
        ),
      [
        ["Range", 5.000000]
      ]
    ],

    [
      "RusianPathSau_3",
      "NavPoint",
      "CZAxisCylNavPoint",
      new Matrix(
          -0.665480, -0.746416, 0.000000, 4612.010254,
          0.746416, -0.665480, 0.000000, 3332.330322,
          0.000000, 0.000000, 1.000000, 499.481964,
          0.000000, 0.000000, 0.000000, 1.000000
        ),
      [
        ["Range", 5.000000]
      ]
    ],

    [
      "RusianTankRetreat_Courier",
      "NavPoint",
      "CZAxisCylNavPoint",
      new Matrix(
          -0.665480, -0.746416, 0.000000, 4925.353027,
          0.746416, -0.665480, 0.000000, 3248.219238,
          0.000000, 0.000000, 1.000000, 579.659973,
          0.000000, 0.000000, 0.000000, 1.000000
        ),
      [
        ["Range", 20.000000],
        ["Detect", true],
        ["IsVisible", true]
      ]
    ],

    [
      "RusianTankRetreat_Suicide",
      "NavPoint",
      "CZAxisCylNavPoint",
      new Matrix(
          -0.665480, -0.746416, 0.000000, 5020.921387,
          0.746416, -0.665480, 0.000000, 5196.416504,
          0.000000, 0.000000, 1.000000, 659.186218,
          0.000000, 0.000000, 0.000000, 1.000000
        ),
      [
        ["Range", 5.000000]
      ]
    ],

    [
      "RusianTankRetreat_Strange_1",
      "NavPoint",
      "CZAxisCylNavPoint",
      new Matrix(
          -0.665480, -0.746416, 0.000000, 5196.987793,
          0.746416, -0.665480, 0.000000, 4120.584961,
          0.000000, 0.000000, 1.000000, 623.533691,
          0.000000, 0.000000, 0.000000, 1.000000
        ),
      [
        ["Range", 5.000000]
      ]
    ],

    [
      "RusianSuicidal",
      "NavPoint",
      "CZAxisCylNavPoint",
      new Matrix(
          -0.665480, -0.746416, 0.000000, 4934.400391,
          0.746416, -0.665480, 0.000000, 4975.384277,
          0.000000, 0.000000, 1.000000, 661.096558,
          0.000000, 0.000000, 0.000000, 1.000000
        ),
      [
        ["Range", 5.000000]
      ]
    ],

    [
      "RussionPosition1",
      "NavPoint",
      "CZAxisCylNavPoint",
      new Matrix(
          -0.665480, -0.746416, 0.000000, 5020.816895,
          0.746416, -0.665480, 0.000000, 3378.217285,
          0.000000, 0.000000, 1.000000, 579.781494,
          0.000000, 0.000000, 0.000000, 1.000000
        ),
      [
        ["Range", 5.000000],
        ["Name", ""],
        ["Mask", [[], []]],
        ["IsVisible", true],
        ["PositionType", ""],
        ["BehaviorHeight", 0.000000],
        ["MapCompass", false],
        ["IsMain", false]
      ]
    ],

    [
      "RussionPosition2",
      "NavPoint",
      "CZAxisCylNavPoint",
      new Matrix(
          -0.665480, -0.746416, 0.000000, 4702.860352,
          0.746416, -0.665480, 0.000000, 3768.321777,
          0.000000, 0.000000, 1.000000, 591.407593,
          0.000000, 0.000000, 0.000000, 1.000000
        ),
      [
        ["Range", 5.000000],
        ["Name", ""],
        ["Mask", [[], []]],
        ["IsVisible", true],
        ["PositionType", ""],
        ["BehaviorHeight", 0.000000],
        ["MapCompass", false],
        ["IsMain", false]
      ]
    ],

    [
      "GermanHanomagStay",
      "NavPoint",
      "CZAxisCylNavPoint",
      new Matrix(
          -0.665480, -0.746416, 0.000000, 5131.079590,
          0.746416, -0.665480, 0.000000, 5274.753418,
          0.000000, 0.000000, 1.000000, 668.806396,
          0.000000, 0.000000, 0.000000, 1.000000
        ),
      [
        ["Range", 5.000000]
      ]
    ],

    [
      "RusianPath1_4",
      "NavPoint",
      "CZAxisCylNavPoint",
      new Matrix(
          -0.665480, -0.746416, 0.000000, 4809.335938,
          0.746416, -0.665480, 0.000000, 4877.498047,
          0.000000, 0.000000, 1.000000, 640.411377,
          0.000000, 0.000000, 0.000000, 1.000000
        ),
      [
        ["Range", 5.000000]
      ]
    ],

    [
      "GermanPath1_See_1",
      "NavPoint",
      "CZAxisCylNavPoint",
      new Matrix(
          -0.665480, -0.746416, 0.000000, 4593.918945,
          0.746416, -0.665480, 0.000000, 5209.759766,
          0.000000, 0.000000, 1.000000, 643.341431,
          0.000000, 0.000000, 0.000000, 1.000000
        ),
      [
        ["Range", 5.000000]
      ]
    ],

    [
      "GermanPath1_See_2",
      "NavPoint",
      "CZAxisCylNavPoint",
      new Matrix(
          -0.665480, -0.746416, 0.000000, 4694.553223,
          0.746416, -0.665480, 0.000000, 5126.657715,
          0.000000, 0.000000, 1.000000, 644.254578,
          0.000000, 0.000000, 0.000000, 1.000000
        ),
      [
        ["Range", 5.000000]
      ]
    ],

    [
      "GermanPathReinf_1",
      "NavPoint",
      "CZAxisCylNavPoint",
      new Matrix(
          -0.665480, -0.746416, 0.000000, 5103.820801,
          0.746416, -0.665480, 0.000000, 5164.791992,
          0.000000, 0.000000, 1.000000, 661.342346,
          0.000000, 0.000000, 0.000000, 1.000000
        ),
      [
        ["Range", 5.000000],
        ["Detect", true],
        ["Name", ""],
        ["Mask", [[], []]],
        ["IsVisible", true],
        ["PositionType", ""],
        ["BehaviorHeight", 0.000000],
        ["MapCompass", false],
        ["IsMain", false]
      ]
    ],

    [
      "GermanPathReinf_2",
      "NavPoint",
      "CZAxisCylNavPoint",
      new Matrix(
          -0.665480, -0.746416, 0.000000, 5152.930664,
          0.746416, -0.665480, 0.000000, 5051.849609,
          0.000000, 0.000000, 1.000000, 653.121033,
          0.000000, 0.000000, 0.000000, 1.000000
        ),
      [
        ["Range", 5.000000],
        ["Detect", true],
        ["Name", ""],
        ["Mask", [[], []]],
        ["IsVisible", true],
        ["PositionType", ""],
        ["BehaviorHeight", 0.000000],
        ["MapCompass", false],
        ["IsMain", false]
      ]
    ],

    [
      "GermanPathReinf_3",
      "NavPoint",
      "CZAxisCylNavPoint",
      new Matrix(
          -0.665480, -0.746416, 0.000000, 5187.376953,
          0.746416, -0.665480, 0.000000, 4859.419434,
          0.000000, 0.000000, 1.000000, 628.953613,
          0.000000, 0.000000, 0.000000, 1.000000
        ),
      [
        ["Range", 5.000000],
        ["Detect", true],
        ["Name", ""],
        ["Mask", [[], []]],
        ["IsVisible", true],
        ["PositionType", ""],
        ["BehaviorHeight", 0.000000],
        ["MapCompass", false],
        ["IsMain", false]
      ]
    ],

    [
      "GermanPathReinf_4",
      "NavPoint",
      "CZAxisCylNavPoint",
      new Matrix(
          -0.665480, -0.746416, 0.000000, 5251.038574,
          0.746416, -0.665480, 0.000000, 4632.801758,
          0.000000, 0.000000, 1.000000, 612.059570,
          0.000000, 0.000000, 0.000000, 1.000000
        ),
      [
        ["Range", 5.000000],
        ["Detect", true],
        ["Name", ""],
        ["Mask", [[], []]],
        ["IsVisible", true],
        ["PositionType", ""],
        ["BehaviorHeight", 0.000000],
        ["MapCompass", false],
        ["IsMain", false]
      ]
    ],

    [
      "GermanPathReinf_5",
      "NavPoint",
      "CZAxisCylNavPoint",
      new Matrix(
          -0.665480, -0.746416, 0.000000, 5298.552246,
          0.746416, -0.665480, 0.000000, 4363.413574,
          0.000000, 0.000000, 1.000000, 585.958740,
          0.000000, 0.000000, 0.000000, 1.000000
        ),
      [
        ["Range", 30.000000],
        ["Detect", true],
        ["Name", ""],
        ["Mask", [[], []]],
        ["IsVisible", true],
        ["PositionType", ""],
        ["BehaviorHeight", 0.000000],
        ["MapCompass", false],
        ["IsMain", false]
      ]
    ],

    [
      "GermanPathReinf_6",
      "NavPoint",
      "CZAxisCylNavPoint",
      new Matrix(
          -0.665480, -0.746416, 0.000000, 5348.312500,
          0.746416, -0.665480, 0.000000, 4137.422363,
          0.000000, 0.000000, 1.000000, 604.157959,
          0.000000, 0.000000, 0.000000, 1.000000
        ),
      [
        ["Range", 5.000000],
        ["Detect", true],
        ["Name", ""],
        ["Mask", [[], []]],
        ["IsVisible", true],
        ["PositionType", ""],
        ["BehaviorHeight", 0.000000],
        ["MapCompass", false],
        ["IsMain", false]
      ]
    ],

    [
      "GermanPathReinf_7",
      "NavPoint",
      "CZAxisCylNavPoint",
      new Matrix(
          -0.665480, -0.746416, 0.000000, 5526.830566,
          0.746416, -0.665480, 0.000000, 4063.494141,
          0.000000, 0.000000, 1.000000, 613.448059,
          0.000000, 0.000000, 0.000000, 1.000000
        ),
      [
        ["Range", 5.000000],
        ["Detect", true],
        ["Name", ""],
        ["Mask", [[], []]],
        ["IsVisible", true],
        ["PositionType", ""],
        ["BehaviorHeight", 0.000000],
        ["MapCompass", false],
        ["IsMain", false]
      ]
    ],

    [
      "GermanPathReinf_8",
      "NavPoint",
      "CZAxisCylNavPoint",
      new Matrix(
          -0.665480, -0.746416, 0.000000, 5651.243652,
          0.746416, -0.665480, 0.000000, 3833.077637,
          0.000000, 0.000000, 1.000000, 608.011292,
          0.000000, 0.000000, 0.000000, 1.000000
        ),
      [
        ["Range", 5.000000],
        ["Detect", true],
        ["Name", ""],
        ["Mask", [[], []]],
        ["IsVisible", true],
        ["PositionType", ""],
        ["BehaviorHeight", 0.000000],
        ["MapCompass", false],
        ["IsMain", false]
      ]
    ],

    [
      "GermanPathReinf_9",
      "NavPoint",
      "CZAxisCylNavPoint",
      new Matrix(
          -0.665480, -0.746416, 0.000000, 5546.676758,
          0.746416, -0.665480, 0.000000, 3524.242676,
          0.000000, 0.000000, 1.000000, 588.285278,
          0.000000, 0.000000, 0.000000, 1.000000
        ),
      [
        ["Range", 5.000000],
        ["Detect", true],
        ["Name", ""],
        ["Mask", [[], []]],
        ["IsVisible", true],
        ["PositionType", ""],
        ["BehaviorHeight", 0.000000],
        ["MapCompass", false],
        ["IsMain", false]
      ]
    ],

    [
      "GermanPathReinf_10",
      "NavPoint",
      "CZAxisCylNavPoint",
      new Matrix(
          -0.665480, -0.746416, 0.000000, 5252.303223,
          0.746416, -0.665480, 0.000000, 3360.552246,
          0.000000, 0.000000, 1.000000, 586.640137,
          0.000000, 0.000000, 0.000000, 1.000000
        ),
      [
        ["Range", 5.000000],
        ["Detect", true],
        ["Name", ""],
        ["Mask", [[], []]],
        ["IsVisible", true],
        ["PositionType", ""],
        ["BehaviorHeight", 0.000000],
        ["MapCompass", false],
        ["IsMain", false]
      ]
    ],

    [
      "RusianReinforcmentHidePos_1",
      "NavPoint",
      "CZAxisCylNavPoint",
      new Matrix(
          -0.665480, -0.746416, 0.000000, 4882.244141,
          0.746416, -0.665480, 0.000000, 3237.392090,
          0.000000, 0.000000, 1.000000, 575.766602,
          0.000000, 0.000000, 0.000000, 1.000000
        ),
      [
        ["Range", 5.000000]
      ]
    ],

    [
      "RusianReinforcmentHidePos_2",
      "NavPoint",
      "CZAxisCylNavPoint",
      new Matrix(
          -0.665480, -0.746416, 0.000000, 4669.586914,
          0.746416, -0.665480, 0.000000, 3321.617920,
          0.000000, 0.000000, 1.000000, 567.454163,
          0.000000, 0.000000, 0.000000, 1.000000
        ),
      [
        ["Range", 5.000000]
      ]
    ],

    [
      "RusianReinforcmentHidePos_3",
      "NavPoint",
      "CZAxisCylNavPoint",
      new Matrix(
          -0.665480, -0.746416, 0.000000, 4811.717773,
          0.746416, -0.665480, 0.000000, 3134.722656,
          0.000000, 0.000000, 1.000000, 565.244446,
          0.000000, 0.000000, 0.000000, 1.000000
        ),
      [
        ["Range", 5.000000]
      ]
    ],

    [
      "RusianReinforcmentHidePos_See",
      "NavPoint",
      "CZAxisCylNavPoint",
      new Matrix(
          -0.665480, -0.746416, 0.000000, 4782.771973,
          0.746416, -0.665480, 0.000000, 3475.718506,
          0.000000, 0.000000, 1.000000, 576.588745,
          0.000000, 0.000000, 0.000000, 1.000000
        ),
      [
        ["Range", 5.000000]
      ]
    ],

    [
      "RusianTankRetreat_Strange_2",
      "NavPoint",
      "CZAxisCylNavPoint",
      new Matrix(
          -0.665480, -0.746416, 0.000000, 5075.373047,
          0.746416, -0.665480, 0.000000, 4191.840820,
          0.000000, 0.000000, 1.000000, 624.107483,
          0.000000, 0.000000, 0.000000, 1.000000
        ),
      [
        ["Range", 5.000000]
      ]
    ],

    [
      "RusianTankRetreat_Strange_3",
      "NavPoint",
      "CZAxisCylNavPoint",
      new Matrix(
          -0.665480, -0.746416, 0.000000, 5011.211426,
          0.746416, -0.665480, 0.000000, 4253.290527,
          0.000000, 0.000000, 1.000000, 626.182739,
          0.000000, 0.000000, 0.000000, 1.000000
        ),
      [
        ["Range", 5.000000]
      ]
    ],

    [
      "RusianTankRetreat_Strange_4",
      "NavPoint",
      "CZAxisCylNavPoint",
      new Matrix(
          -0.665480, -0.746416, 0.000000, 4954.853516,
          0.746416, -0.665480, 0.000000, 4305.184082,
          0.000000, 0.000000, 1.000000, 629.706543,
          0.000000, 0.000000, 0.000000, 1.000000
        ),
      [
        ["Range", 5.000000]
      ]
    ],

    [
      "NavPoint_village_Kurtenki",
      "NavPoint",
      "CZAxisCylNavPoint",
      new Matrix(
          -0.665480, -0.746416, 0.000000, 4895.442871,
          0.746416, -0.665480, 0.000000, 3274.382568,
          0.000000, 0.000000, 1.000000, 577.871216,
          0.000000, 0.000000, 0.000000, 1.000000
        ),
      [
        ["Range", 1.000000],
        ["Detect", false],
        ["Name", ""],
        ["Mask", [[], []]],
        ["IsVisible", true],
        ["PositionType", ""],
        ["BehaviorHeight", 0.000000],
        ["MapCompass", false],
        ["IsMain", false]
      ]
    ],

    [
      "NavPointKurt",
      "NavPoint",
      "CZAxisCylNavPoint",
      new Matrix(
          0.064390, -0.997665, -0.022760, 4634.077148,
          0.997617, 0.064919, -0.023351, 2704.960205,
          0.024774, -0.021203, 0.999468, 569.952515,
          0.000000, 0.000000, 0.000000, 1.000000
        ),
      [
        ["Range", 7.000000],
        ["IsVisible", true],
        ["IsMain", true],
        ["Name", "CC2M2Mission_Strings::str_NavPointKurt"]
      ]
    ],

    [
      "NavPointRend",
      "NavPoint",
      "CZAxisCylNavPoint",
      new Matrix(
          -0.665480, -0.746416, 0.000000, 4984.434570,
          0.746416, -0.665480, 0.000000, 5262.994141,
          0.000000, 0.000000, 1.000000, 656.916138,
          0.000000, 0.000000, 0.000000, 1.000000
        ),
      [
        ["Range", 7.000000],
        ["IsVisible", true],
        ["IsMain", true],
        ["Name", "CC2M2Mission_Strings::str_NavPointRend"]
      ]
    ],

    [
      "Village_Kurtenki_2",
      "ObjectsGroup",
      "CObjectsGroup",
      new Matrix(
          0.460278, -0.887775, 0.000000, 4845.228027,
          0.887775, 0.460278, 0.000000, 3052.308838,
          0.000000, 0.000000, 1.000000, 581.455505,
          0.000000, 0.000000, 0.000000, 1.000000
        ),
      [
