//-------------------------------------------------------------------
//                                                                   
//  This code is copyright 2001 by G5 Software.                      
//  Any unauthorized usage, either in part or in whole of this code  
//  is strictly prohibited. Violators WILL be prosecuted to the      
//  maximum extent allowed by law.                                   
//                                                                   
//-------------------------------------------------------------------
//                                                                   
//  Automatically-generated mission script file                      
//  DO NOT EDIT!                                                     
//                                                                   
//-------------------------------------------------------------------


class CC2M5Content
{
  static String m_ObjectListClassFile = "Missions/Campaign_2/Mission_5/Content.script";
  static String m_ObjectListClassName = "CC2M5Content";

  static Array  m_MissionObjectList   = [
    [
      "Atmosphere",
      "",
      "",
      new Matrix(
          1.000000, 0.000000, 0.000000, 0.000000,
          0.000000, 1.000000, 0.000000, 0.000000,
          0.000000, 0.000000, 1.000000, 0.000000,
          0.000000, 0.000000, 0.000000, 1.000000
        ),
      [
        ["FogColorXPos", new Color(0.627451, 0.627451, 0.627451, 1.000000)],
        ["FogColorXNeg", new Color(0.627451, 0.627451, 0.627451, 1.000000)],
        ["FogColorYPos", new Color(0.627451, 0.627451, 0.627451, 1.000000)],
        ["FogColorYNeg", new Color(0.627451, 0.627451, 0.627451, 1.000000)],
        ["FogNear", 10.000000],
        ["FogFar", 500.000000],
        ["FogFarMax", 4000.000000],
        ["EnableHorizontAdjustment", true],
        ["SunColor", new Color(0.682353, 0.682353, 0.682353, 1.000000)],
        ["SunIntensity", 0.500000],
        ["AntiSunColor", new Color(0.576471, 0.592157, 0.666667, 1.000000)],
        ["AntiSunIntensity", 0.500000],
        ["AntiSunAngle", 30.000000],
        ["SunDirection", new Vector(-0.105195, -0.105554, -0.355535)],
        ["AmbientLight", new Color(0.152941, 0.152941, 0.180392, 1.000000)],
        ["ShadowColor", new Color(0.847059, 0.847059, 0.847059, 1.000000)],
        ["FogMode", "Exp"],
        ["FogDensity", 0.001000],
        ["TreeLightKoef", 0.000000],
        ["TreeNormalRelax", 0.000000],
        ["StencilShadowColor", new Color(0.874510, 0.874510, 0.874510, 1.000000)],
        ["AntiSunHorAngle", 105.000000]
      ]
    ],

    [
      "Terrain",
      "",
      "",
      new Matrix(
          1.000000, 0.000000, 0.000000, 0.000000,
          0.000000, 1.000000, 0.000000, 0.000000,
          0.000000, 0.000000, 1.000000, 0.000000,
          0.000000, 0.000000, 0.000000, 1.000000
        ),
      [
        ["ForestTextureScale", 0.500000],
        ["ForestShadowBorderScale", 0.400000],
        ["ForestShadowAlphaScale", 0.500000],
        ["ForestBeginFadeDist", [250.000000, 480.000000]],
        ["VertForestDistMin", 800.000000],
        ["VertForestDistMax", 8000.000000],
        ["VertForestAngleMin", 0.000000],
        ["VertForestAngleMax", 45.000000],
        ["VertForestBeginFadeDist", [250.000000, 410.000000]],
        ["TerrainShadowPower", 3.500000],
        ["IsAntiLighting", true],
        ["NormalNoise", 0.250000],
        ["WaterBorderColor", new Color(0.556863, 0.494118, 0.443137, 1.000000)]
      ]
    ],

    [
      "MainPlayerUnit",
      "GameObject",
      "CTankPzVIAusfEUnit",
      new Matrix(
          0.483414, -0.875247, 0.015902, 4476.501953,
          0.875358, 0.483475, 0.000000, 3090.803955,
          -0.007689, 0.013920, 0.999874, 577.635986,
          0.000000, 0.000000, 0.000000, 1.000000
        ),
      [
        ["IsPlayer", true],
        ["IsManual", true],
        ["Affiliation", "FRIEND"],
        ["SurfaceControl", "PutonGroundLandingJoints"],
        ["Number", "223"],
        ["HitPoints", 1000.000000],
        ["Route", []],
        ["ShadowPlaneOffset", 0.050000],
        ["FakeShadowOffset", 0.090000]
      ]
    ],

    [
      "CC2M5GroupSU85",
      "UnitGroup",
      "CC2M5GroupSU85",
      new Matrix(
          -0.201505, 0.979485, -0.002040, 4782.755859,
          -0.977414, -0.201213, -0.064606, 4186.708008,
          -0.063691, -0.011024, 0.997909, 624.998657,
          0.000000, 0.000000, 0.000000, 1.000000
        ),
      [
        ["Units", ["CC2M5GroupSU85_1", "CC2M5GroupSU85_2", "CC2M5GroupSU85_3", "CC2M5GroupSU85_4"]]
      ]
    ],

    [
      "CC2M5GroupSU85_1",
      "GameObject",
      "CSAUSU85Unit",
      new Matrix(
          0.141820, 0.988466, -0.053121, 4778.339355,
          -0.989882, 0.141374, -0.012076, 4179.279297,
          -0.004427, 0.054297, 0.998515, 626.003662,
          0.000000, 0.000000, 0.000000, 1.000000
        ),
      [
        ["Affiliation", "ENEMY"],
        ["Number", "22_39"],
        ["Task", "CBaseAISAUTask"]
      ]
    ],

    [
      "CC2M5GroupSU85_2",
      "GameObject",
      "CSAUSU85Unit",
      new Matrix(
          0.113267, 0.993560, -0.003050, 4764.415039,
          -0.993561, 0.113258, -0.002995, 4176.293945,
          -0.002630, 0.003369, 0.999991, 625.650696,
          0.000000, 0.000000, 0.000000, 1.000000
        ),
      [
        ["Affiliation", "ENEMY"],
        ["Number", "17_11"],
        ["Task", "CBaseAISAUTask"]
      ]
    ],

    [
      "CC2M5GroupSU85_3",
      "GameObject",
      "CSAUSU85Unit",
      new Matrix(
          0.187585, 0.982225, 0.006774, 4730.328613,
          -0.978504, 0.187467, -0.085940, 4186.709473,
          -0.085682, 0.009493, 0.996277, 626.296021,
          0.000000, 0.000000, 0.000000, 1.000000
        ),
      [
        ["Affiliation", "ENEMY"],
        ["Number", "01_04"],
        ["Task", "CBaseAISAUTask"]
      ]
    ],

    [
      "CC2M5GroupSU85_4",
      "GameObject",
      "CSAUSU85Unit",
      new Matrix(
          0.189395, 0.981703, -0.019705, 4700.675293,
          -0.981753, 0.188981, -0.021133, 4182.651367,
          -0.017022, 0.023348, 0.999582, 625.471191,
          0.000000, 0.000000, 0.000000, 1.000000
        ),
      [
        ["Affiliation", "ENEMY"],
        ["Number", "22_30"],
        ["Task", "CBaseAISAUTask"]
      ]
    ],

    [
      "CC2M5Group01T_34_85",
      "UnitGroup",
      "CC2M5Group01T_34_85",
      new Matrix(
          -0.081286, 0.996462, -0.021362, 4903.364258,
          -0.994430, -0.082526, -0.065560, 4309.315430,
          -0.067091, 0.015914, 0.997620, 611.131592,
          0.000000, 0.000000, 0.000000, 1.000000
        ),
      [
        ["Units", ["CC2M5Group01T_34_85_1", "CC2M5Group01T_34_85_2", "CC2M5Group01T_34_85_3"]]
      ]
    ],

    [
      "CC2M5Group01T_34_85_1",
      "GameObject",
      "CTankT34_85_44Unit",
      new Matrix(
          -0.081677, 0.996099, -0.033388, 4903.364258,
          -0.995496, -0.083154, -0.045534, 4309.315430,
          -0.048133, 0.029518, 0.998405, 614.789856,
          0.000000, 0.000000, 0.000000, 1.000000
        ),
      [
        ["Affiliation", "ENEMY"],
        ["Number", "22_39"],
        ["Task", "CBaseAITankTask"]
      ]
    ],

    [
      "CC2M5Group01T_34_85_2",
      "GameObject",
      "CTankT34_85_44Unit",
      new Matrix(
          0.205108, 0.978299, -0.029339, 4900.100098,
          -0.978739, 0.205031, -0.005642, 4348.947754,
          0.000495, 0.029873, 0.999554, 615.626465,
          0.000000, 0.000000, 0.000000, 1.000000
        ),
      [
        ["Affiliation", "ENEMY"],
        ["Number", "22_37"],
        ["Task", "CBaseAITankTask"]
      ]
    ],

    [
      "CC2M5Group01T_34_85_3",
      "GameObject",
      "CTankT34_85_44Unit",
      new Matrix(
          0.461151, 0.887300, 0.006277, 4889.333008,
          -0.887065, 0.461176, -0.020786, 4408.517578,
          -0.021338, 0.004017, 0.999764, 616.474548,
          0.000000, 0.000000, 0.000000, 1.000000
        ),
      [
        ["Affiliation", "ENEMY"],
        ["Number", "22_36"],
        ["Task", "CBaseAITankTask"]
      ]
    ],

    [
      "CC2M5Group02T_34_85",
      "UnitGroup",
      "CC2M5Group02T_34_85",
      new Matrix(
          0.429708, 0.900264, -0.069829, 4146.881348,
          -0.902378, 0.430937, 0.002840, 4180.500000,
          0.032648, 0.061792, 0.997555, 580.704224,
          0.000000, 0.000000, 0.000000, 1.000000
        ),
      [
        ["Units", ["CC2M5Group02T_34_85_1", "CC2M5Group02T_34_85_2", "CC2M5Group02T_34_85_3"]]
      ]
    ],

    [
      "CC2M5Group02T_34_85_1",
      "GameObject",
      "CTankT34_85_44Unit",
      new Matrix(
          0.429331, 0.900392, -0.070495, 4146.881348,
          -0.902350, 0.430923, 0.008402, 4180.500000,
          0.037943, 0.060004, 0.997477, 580.704773,
          0.000000, 0.000000, 0.000000, 1.000000
        ),
      [
        ["Affiliation", "ENEMY"],
        ["Number", "22_22"],
        ["Task", "CBaseAITankTask"]
      ]
    ],

    [
      "CC2M5Group02T_34_85_2",
      "GameObject",
      "CTankT34_85_44Unit",
      new Matrix(
          0.428195, 0.902467, -0.046924, 4071.446289,
          -0.903302, 0.428950, 0.006891, 4143.697266,
          0.026347, 0.039436, 0.998875, 576.703064,
          0.000000, 0.000000, 0.000000, 1.000000
        ),
      [
        ["Affiliation", "ENEMY"],
        ["Number", "22_13"],
        ["Task", "CBaseAITankTask"]
      ]
    ],

    [
      "CC2M5Group02T_34_85_3",
      "GameObject",
      "CTankT34_85_44Unit",
      new Matrix(
          0.426108, 0.902590, -0.061341, 4105.614258,
          -0.903898, 0.427568, 0.012401, 4160.042969,
          0.037420, 0.050162, 0.998040, 578.255554,
          0.000000, 0.000000, 0.000000, 1.000000
        ),
      [
        ["Affiliation", "ENEMY"],
        ["Number", "22_26"],
        ["Task", "CBaseAITankTask"]
      ]
    ],

    [
      "CC2M5Group03T_34_76",
      "UnitGroup",
      "CC2M5Group03T_34_76",
      new Matrix(
          0.426292, 0.901093, -0.079412, 4169.184082,
          -0.903292, 0.428733, 0.015885, 4068.480957,
          0.048361, 0.064961, 0.996715, 583.938782,
          0.000000, 0.000000, 0.000000, 1.000000
        ),
      [
        ["Units", ["CC2M5Group03T_34_76_1", "CC2M5Group03T_34_76_2", "CC2M5Group03T_34_76_3"]]
      ]
    ],

    [
      "CC2M5Group03T_34_76_1",
      "GameObject",
      "CTankT34_76_42Unit",
      new Matrix(
          0.429640, 0.903000, 0.000000, 4169.184082,
          -0.903000, 0.429640, 0.000000, 4068.480957,
          0.000000, 0.000000, 1.000000, 582.525879,
          0.000000, 0.000000, 0.000000, 1.000000
        ),
      [
        ["Affiliation", "ENEMY"],
        ["Number", "22_24"],
        ["Task", "CBaseAITankTask"]
      ]
    ],

    [
      "CC2M5Group03T_34_76_2",
      "GameObject",
      "CTankT34_76_42Unit",
      new Matrix(
          0.635148, 0.770598, -0.052584, 4083.411865,
          -0.770985, 0.636627, 0.017004, 3988.142578,
          0.046580, 0.029742, 0.998472, 579.544006,
          0.000000, 0.000000, 0.000000, 1.000000
        ),
      [
        ["Affiliation", "ENEMY"],
        ["Number", "22_25"],
        ["Task", "CBaseAITankTask"]
      ]
    ],

    [
      "CC2M5Group03T_34_76_3",
      "GameObject",
      "CTankT34_76_42Unit",
      new Matrix(
          0.421308, 0.904685, -0.063587, 4118.646973,
          -0.905977, 0.423028, 0.015905, 4045.836670,
          0.041288, 0.050908, 0.997849, 580.610596,
          0.000000, 0.000000, 0.000000, 1.000000
        ),
      [
        ["Affiliation", "ENEMY"],
        ["Number", "22_28"],
        ["Task", "CBaseAITankTask"]
      ]
    ],

    [
      "CC2M5Group04T_34_76",
      "UnitGroup",
      "CC2M5Group04T_34_76",
      new Matrix(
          -0.994605, 0.103377, 0.008563, 5510.833008,
          -0.103380, -0.994642, 0.000075, 4071.609131,
          0.008525, -0.000811, 0.999963, 593.601746,
          0.000000, 0.000000, 0.000000, 1.000000
        ),
      [
        ["Units", ["CC2M5Group04T_34_76_1", "CC2M5Group04T_34_76_2", "CC2M5Group04T_34_76_3"]]
      ]
    ],

    [
      "CC2M5Group04T_34_76_1",
      "GameObject",
      "CTankT34_76_42Unit",
      new Matrix(
          -0.994642, 0.103377, -0.000008, 5510.833008,
          -0.103377, -0.994642, 0.000000, 4071.609131,
          -0.000008, 0.000001, 1.000000, 593.757446,
          0.000000, 0.000000, 0.000000, 1.000000
        ),
      [
        ["Affiliation", "ENEMY"],
        ["Number", "22_30"],
        ["Task", "CBaseAITankTask"]
      ]
    ],

    [
      "CC2M5Group04T_34_76_2",
      "GameObject",
      "CTankT34_76_42Unit",
      new Matrix(
          -0.976984, 0.213281, -0.003594, 5496.827637,
          -0.213305, -0.976947, 0.008667, 4106.280273,
          -0.001662, 0.009234, 0.999956, 593.650085,
          0.000000, 0.000000, 0.000000, 1.000000
        ),
      [
        ["Affiliation", "ENEMY"],
        ["Number", "22_31"],
        ["Task", "CBaseAITankTask"]
      ]
    ],

    [
      "CC2M5Group04T_34_76_3",
      "GameObject",
      "CTankT34_76_42Unit",
      new Matrix(
          -0.996219, 0.085724, 0.014099, 5488.568359,
          -0.085708, -0.996319, 0.001720, 4136.119141,
          0.014194, 0.000505, 0.999899, 593.694824,
          0.000000, 0.000000, 0.000000, 1.000000
        ),
      [
        ["Affiliation", "ENEMY"],
        ["Number", "22_32"],
        ["Task", "CBaseAITankTask"]
      ]
    ],

    [
      "CC2M5Group1T_IV",
      "UnitGroup",
      "CC2M5Group1T_IV",
      new Matrix(
          0.058684, -0.997845, -0.029366, 5045.771484,
          0.998157, 0.059108, -0.013755, 3092.782959,
          0.015462, -0.028504, 0.999474, 587.009216,
          0.000000, 0.000000, 0.000000, 1.000000
        ),
      [
        ["Units", ["CC2M5Group1T_IV_1", "CC2M5Group1T_IV_2", "CC2M5Group1T_IV_3"]]
      ]
    ],

    [
      "CC2M5Group1T_IV_1",
      "GameObject",
      "CTankPzVIAusfEUnit",
      new Matrix(
          0.058653, -0.997826, -0.030040, 5045.771484,
          0.998142, 0.059117, -0.014784, 3092.782959,
          0.016528, -0.029117, 0.999439, 586.782471,
          0.000000, 0.000000, 0.000000, 1.000000
        ),
      [
        ["Affiliation", "FRIEND"],
        ["Number", "111"],
        ["Task", "CBaseAITankTask"]
      ]
    ],

    [
      "CC2M5Group1T_IV_2",
      "GameObject",
      "CTankPzVIAusfEUnit",
      new Matrix(
          0.061134, -0.997009, -0.047294, 5011.620605,
          0.996396, 0.058168, 0.061731, 3165.518066,
          -0.058795, -0.050897, 0.996972, 583.887329,
          0.000000, 0.000000, 0.000000, 1.000000
        ),
      [
        ["Affiliation", "FRIEND"],
        ["Number", "112"],
        ["Task", "CBaseAITankTask"]
      ]
    ],

    [
      "CC2M5Group1T_IV_3",
      "GameObject",
      "CTankPzVIAusfEUnit",
      new Matrix(
          0.065349, -0.997853, -0.004316, 4941.692383,
          0.997818, 0.065305, 0.009704, 3229.526855,
          -0.009402, -0.004941, 0.999944, 580.311462,
          0.000000, 0.000000, 0.000000, 1.000000
        ),
      [
        ["Affiliation", "FRIEND"],
        ["Number", "124"],
        ["Task", "CBaseAITankTask"]
      ]
    ],

    [
      "CC2M5Group2T_IV",
      "UnitGroup",
      "CC2M5Group2T_IV",
      new Matrix(
          0.067038, -0.997593, -0.017711, 4593.699707,
          0.997648, 0.066766, 0.015525, 3153.387207,
          -0.014305, -0.018710, 0.999723, 577.662598,
          0.000000, 0.000000, 0.000000, 1.000000
        ),
      [
        ["Units", ["CC2M5Group2T_IV_1", "CC2M5Group2T_IV_2", "CC2M5Group2T_IV_3"]]
      ]
    ],

    [
      "CC2M5Group2T_IV_1",
      "GameObject",
      "CTankPzVIAusfEUnit",
      new Matrix(
          0.067046, -0.997620, -0.016085, 4593.699707,
          0.997641, 0.066792, 0.015846, 3153.387207,
          -0.014734, -0.017109, 0.999745, 577.441223,
          0.000000, 0.000000, 0.000000, 1.000000
        ),
      [
        ["Affiliation", "FRIEND"],
        ["Number", "r212"],
        ["Task", "CBaseAITankTask"]
      ]
    ],

    [
      "CC2M5Group2T_IV_2",
      "GameObject",
      "CTankPzVIAusfEUnit",
      new Matrix(
          0.068348, -0.996965, -0.037265, 4654.922363,
          0.996433, 0.066363, 0.052135, 3225.619141,
          -0.049504, -0.040695, 0.997944, 577.917664,
          0.000000, 0.000000, 0.000000, 1.000000
        ),
      [
        ["Affiliation", "FRIEND"],
        ["Number", "r213"],
        ["Task", "CBaseAITankTask"]
      ]
    ],

    [
      "CC2M5Group2T_IV_3",
      "GameObject",
      "CTankPzVIAusfEUnit",
      new Matrix(
          0.069010, -0.997515, -0.014218, 4701.803711,
          0.996111, 0.068116, 0.055889, 3228.614014,
          -0.054781, -0.018020, 0.998336, 578.682434,
          0.000000, 0.000000, 0.000000, 1.000000
        ),
      [
        ["Affiliation", "FRIEND"],
        ["Number", "r222"],
        ["Task", "CBaseAITankTask"]
      ]
    ],

    [
      "CC2M5GroupStug_40",
      "UnitGroup",
      "CC2M5GroupStug_40",
      new Matrix(
          -0.466371, 0.884018, 0.031804, 4825.684570,
          -0.884589, -0.466100, -0.015893, 4993.195801,
          0.000775, -0.035545, 0.999368, 576.128723,
          0.000000, 0.000000, 0.000000, 1.000000
        ),
      [
        ["Units", ["CC2M5GroupStug_40_1", "CC2M5GroupStug_40_2"]]
      ]
    ],

    [
      "CC2M5GroupStug_40_1",
      "GameObject",
      "CSAUStuG40Unit",
      new Matrix(
          0.065048, -0.997375, 0.031823, 4871.114746,
          0.997880, 0.065081, 0.000007, 3272.299072,
          -0.002078, 0.031755, 0.999493, 578.507996,
          0.000000, 0.000000, 0.000000, 1.000000
        ),
      [
        ["Affiliation", "FRIEND"],
        ["Number", "r221"]
      ]
    ],

    [
      "CC2M5GroupStug_40_2",
      "GameObject",
      "CSAUStuG40Unit",
      new Matrix(
          -0.200269, -0.979741, -0.000022, 4972.471680,
          0.979741, -0.200269, 0.000000, 3276.005615,
          -0.000004, -0.000022, 1.000000, 579.831604,
          0.000000, 0.000000, 0.000000, 1.000000
        ),
      [
        ["Affiliation", "FRIEND"],
        ["Number", "r223"]
      ]
    ],

    [
      "CC2M5GerColumn",
      "UnitGroup",
      "CC2M5GerColumn",
      new Matrix(
          0.716908, 0.697134, 0.006879, 3375.269287,
          -0.697163, 0.716904, 0.003511, 3358.010742,
          -0.002484, -0.007313, 0.999970, 573.858948,
          0.000000, 0.000000, 0.000000, 1.000000
        ),
      [
        ["Units", ["CC2M5GerColumnHanomag_1", "CC2M5GerColumnHanomag_2", "CC2M5GerColumnOpel_1", "CC2M5GerColumnOpel_2", "CC2M5GerColumnOpel_3"]]
      ]
    ],

    [
      "CC2M5GerColumnHanomag_1",
      "GameObject",
      "CBtrHanomag251AusfCUnit",
      new Matrix(
          0.716908, 0.697134, 0.006882, 3375.269287,
          -0.697163, 0.716904, 0.003529, 3358.010742,
          -0.002474, -0.007328, 0.999970, 573.859131,
          0.000000, 0.000000, 0.000000, 1.000000
        ),
      [
        ["Affiliation", "FRIEND"],
        ["Task", "CBaseAITask"]
      ]
    ],

    [
      "CC2M5GerColumnHanomag_2",
      "GameObject",
      "CBtrHanomag251AusfCUnit",
      new Matrix(
          0.717175, 0.696893, -0.000014, 3360.253906,
          -0.696893, 0.717175, 0.000000, 3372.298340,
          0.000010, 0.000010, 1.000000, 573.920044,
          0.000000, 0.000000, 0.000000, 1.000000
        ),
      [
        ["Affiliation", "FRIEND"],
        ["Task", "CBaseAITask"]
      ]
    ],

    [
      "CC2M5GerColumnOpel_1",
      "GameObject",
      "CTruckOpelBlitzUnit",
      new Matrix(
          0.717941, 0.695295, -0.033543, 3338.248291,
          -0.694868, 0.712964, -0.094026, 3394.823730,
          -0.041461, 0.090813, 0.995004, 574.140686,
          0.000000, 0.000000, 0.000000, 1.000000
        ),
      [
        ["Affiliation", "FRIEND"],
        ["Task", "CBaseAITask"]
      ]
    ],

    [
      "CC2M5GerColumnOpel_2",
      "GameObject",
      "CTruckOpelBlitzUnit",
      new Matrix(
          0.718562, 0.695463, -0.000011, 3315.972412,
          -0.695463, 0.718562, 0.000000, 3416.913574,
          0.000008, 0.000008, 1.000000, 574.466187,
          0.000000, 0.000000, 0.000000, 1.000000
        ),
      [
        ["Affiliation", "FRIEND"],
        ["Task", "CBaseAITask"],
        ["HitPoints", 220000.000000],
        ["SurfaceControl", "PutonGroundLandingJoints"],
        ["Route", []],
        ["ShadowPlaneOffset", 0.050000],
        ["FakeShadowOffset", 0.090000]
      ]
    ],

    [
      "CC2M5GerColumnOpel_3",
      "GameObject",
      "CTruckOpelBlitzUnit",
      new Matrix(
          0.718709, 0.695311, -0.000017, 3293.350098,
          -0.695311, 0.718709, 0.000000, 3439.684082,
          0.000012, 0.000012, 1.000000, 574.536194,
          0.000000, 0.000000, 0.000000, 1.000000
        ),
      [
        ["Affiliation", "FRIEND"],
        ["Task", "CBaseAITask"]
      ]
    ],

    [
      "CC2M5Group05T_34_76",
      "UnitGroup",
      "CC2M5Group05T_34_76",
      new Matrix(
          -0.687113, 0.726550, -0.000010, 5562.487793,
          -0.726550, -0.687113, 0.000000, 3797.782227,
          -0.000007, 0.000007, 1.000000, 594.954468,
          0.000000, 0.000000, 0.000000, 1.000000
        ),
      [
        ["Units", ["CC2M5Group05T_34_76_1", "CC2M5Group05T_34_76_2"]]
      ]
    ],

    [
      "CC2M5Group05T_34_76_1",
      "GameObject",
      "CTankT34_85_44Unit",
      new Matrix(
          -0.687090, 0.726521, -0.008700, 5562.487793,
          -0.726526, -0.687132, -0.003108, 3797.782227,
          -0.008236, 0.004186, 0.999957, 601.161499,
          0.000000, 0.000000, 0.000000, 1.000000
        ),
      [
        ["Affiliation", "ENEMY"],
        ["Number", "22_33"],
        ["Task", "CBaseAITankTask"]
      ]
    ],

    [
      "CC2M5Group05T_34_76_2",
      "GameObject",
      "CTankT34_85_44Unit",
      new Matrix(
          -0.689959, 0.721743, -0.055172, 5605.033691,
          -0.722438, -0.691368, -0.009738, 3790.916016,
          -0.045173, 0.033140, 0.998429, 601.964844,
          0.000000, 0.000000, 0.000000, 1.000000
        ),
      [
        ["Affiliation", "ENEMY"],
        ["Number", "22_34"],
        ["Task", "CBaseAITankTask"]
      ]
    ],

    [
      "CC2M5GroupRusSoldiers",
      "UnitGroup",
      "CC2M5GroupRusSoldiers",
      new Matrix(
          0.767156, 0.641461, 0.000000, 4216.727539,
          -0.641461, 0.767156, 0.000000, 3804.727295,
          0.000000, 0.000000, 1.000000, 590.020203,
          0.000000, 0.000000, 0.000000, 1.000000
        ),
      [
        ["Units", ["CC2M5GroupRusSoldiers_1", "CC2M5GroupRusSoldiers_2", "CC2M5GroupRusSoldiers_3", "CC2M5GroupRusSoldiers_4", "CC2M5GroupRusSoldiers_5", "CC2M5GroupRusSoldiers_6", "CC2M5GroupRusSoldiers_7", "CC2M5GroupRusSoldiers_8", "CC2M5GroupRusSoldiers_9"]]
      ]
    ],

    [
      "CC2M5GroupRusSoldiers_1",
      "GameObject",
      "CSovietSoldierRifleUnit",
      new Matrix(
          0.767156, 0.641461, 0.000000, 4216.727539,
          -0.641461, 0.767156, 0.000000, 3804.727295,
          0.000000, 0.000000, 1.000000, 590.020203,
          0.000000, 0.000000, 0.000000, 1.000000
        ),
      [
        ["Affiliation", "ENEMY"],
        ["Task", "CBaseAITask"]
      ]
    ],

    [
      "CC2M5GroupRusSoldiers_2",
      "GameObject",
      "CSovietSoldierRifleUnit",
      new Matrix(
          0.767156, 0.641461, 0.000000, 4211.423828,
          -0.641461, 0.767156, 0.000000, 3799.221924,
          0.000000, 0.000000, 1.000000, 590.091125,
          0.000000, 0.000000, 0.000000, 1.000000
        ),
      [
        ["Affiliation", "ENEMY"],
        ["Task", "CBaseAITask"]
      ]
    ],

    [
      "CC2M5GroupRusSoldiers_3",
      "GameObject",
      "CSovietSoldierRifleUnit",
      new Matrix(
          0.767156, 0.641461, 0.000000, 4204.727539,
          -0.641461, 0.767156, 0.000000, 3792.539551,
          0.000000, 0.000000, 1.000000, 590.220337,
          0.000000, 0.000000, 0.000000, 1.000000
        ),
      [
        ["Affiliation", "ENEMY"],
        ["Task", "CBaseAITask"]
      ]
    ],

    [
      "CC2M5GroupRusSoldiers_4",
      "GameObject",
      "CSovietSoldierRifleUnit",
      new Matrix(
          0.767156, 0.641461, 0.000000, 4223.604980,
          -0.641461, 0.767156, 0.000000, 3811.774414,
          0.000000, 0.000000, 1.000000, 590.000000,
          0.000000, 0.000000, 0.000000, 1.000000
        ),
      [
        ["Affiliation", "ENEMY"],
        ["Task", "CBaseAITask"]
      ]
    ],

    [
      "CC2M5GroupRusSoldiers_5",
      "GameObject",
      "CSovietSoldierRifleUnit",
      new Matrix(
          0.767156, 0.641461, 0.000000, 4197.173828,
          -0.641461, 0.767156, 0.000000, 3787.355957,
          0.000000, 0.000000, 1.000000, 590.221069,
          0.000000, 0.000000, 0.000000, 1.000000
        ),
      [
        ["Affiliation", "ENEMY"],
        ["Task", "CBaseAITask"]
      ]
    ],

    [
      "CC2M5GroupRusSoldiers_6",
      "GameObject",
      "CSovietSoldierRifleUnit",
      new Matrix(
          0.767156, 0.641461, 0.000000, 4229.110840,
          -0.641461, 0.767156, 0.000000, 3818.253418,
          0.000000, 0.000000, 1.000000, 589.993958,
          0.000000, 0.000000, 0.000000, 1.000000
        ),
      [
        ["Affiliation", "ENEMY"],
        ["Task", "CBaseAITask"]
      ]
    ],

    [
      "CC2M5GroupRusSoldiers_7",
      "GameObject",
      "CSovietSoldierRifleUnit",
      new Matrix(
          0.767156, 0.641461, 0.000000, 4186.707520,
          -0.641461, 0.767156, 0.000000, 3778.276855,
          0.000000, 0.000000, 1.000000, 590.418274,
          0.000000, 0.000000, 0.000000, 1.000000
        ),
      [
        ["Affiliation", "ENEMY"],
        ["Task", "CBaseAITask"]
      ]
    ],

    [
      "CC2M5GroupRusSoldiers_8",
      "GameObject",
      "CSovietSoldierRifleUnit",
      new Matrix(
          0.767156, 0.641461, 0.000000, 4175.854980,
          -0.641461, 0.767156, 0.000000, 3767.687744,
          0.000000, 0.000000, 1.000000, 590.751404,
          0.000000, 0.000000, 0.000000, 1.000000
        ),
      [
        ["Affiliation", "ENEMY"],
        ["Task", "CBaseAITask"]
      ]
    ],

    [
      "CC2M5GroupRusSoldiers_9",
      "GameObject",
      "CSovietSoldierRifleUnit",
      new Matrix(
          0.767156, 0.641461, 0.000000, 4167.944824,
          -0.641461, 0.767156, 0.000000, 3762.885986,
          0.000000, 0.000000, 1.000000, 590.854858,
          0.000000, 0.000000, 0.000000, 1.000000
        ),
      [
        ["Affiliation", "ENEMY"],
        ["Task", "CBaseAITask"]
      ]
    ],

    [
      "NavPointCC2M5GroupSU85FirePosition",
      "NavPoint",
      "CZAxisCylNavPoint",
      new Matrix(
          -0.201916, 0.979403, 0.000000, 4699.879395,
          -0.979403, -0.201916, 0.000000, 4001.057861,
          0.000000, 0.000000, 1.000000, 621.717529,
          0.000000, 0.000000, 0.000000, 1.000000
        ),
      [
      ]
    ],

    [
      "NavPointFirstAdvance01CC2M5Group01T_34_85",
      "NavPoint",
      "CZAxisCylNavPoint",
      new Matrix(
          0.263452, 0.964673, 0.000000, 4905.448730,
          -0.964673, 0.263452, 0.000000, 4167.319336,
          0.000000, 0.000000, 1.000000, 596.461243,
          0.000000, 0.000000, 0.000000, 1.000000
        ),
      [
        ["Detect", false],
        ["Name", ""],
        ["Mask", [[], []]],
        ["IsVisible", true],
        ["PositionType", ""],
        ["BehaviorHeight", 0.000000],
        ["MapCompass", false],
        ["IsMain", false],
        ["Range", 10.000000]
      ]
    ],

    [
      "NavPointFirstAdvance02CC2M5Group01T_34_85",
      "NavPoint",
      "CZAxisCylNavPoint",
      new Matrix(
          -0.562576, 0.826746, 0.000000, 4877.913574,
          -0.826746, -0.562576, 0.000000, 4062.660645,
          0.000000, 0.000000, 1.000000, 587.171875,
          0.000000, 0.000000, 0.000000, 1.000000
        ),
      [
        ["Detect", false],
        ["Name", ""],
        ["Mask", [[], []]],
        ["IsVisible", true],
        ["PositionType", ""],
        ["BehaviorHeight", 0.000000],
        ["MapCompass", false],
        ["IsMain", false],
        ["Range", 10.000000]
      ]
    ],

    [
      "NavPointFirstAdvance03CC2M5Group01T_34_85",
      "NavPoint",
      "CZAxisCylNavPoint",
      new Matrix(
          0.263452, 0.964673, 0.000000, 4860.838867,
          -0.964673, 0.263452, 0.000000, 3931.110107,
          0.000000, 0.000000, 1.000000, 592.141479,
          0.000000, 0.000000, 0.000000, 1.000000
        ),
      [
        ["Detect", false],
        ["Name", ""],
        ["Mask", [[], []]],
        ["IsVisible", true],
        ["PositionType", ""],
        ["BehaviorHeight", 0.000000],
        ["MapCompass", false],
        ["IsMain", false],
        ["Range", 10.000000]
      ]
    ],

    [
      "NavPointFirstAdvance1CC2M5Group03T_34_76",
      "NavPoint",
      "CZAxisCylNavPoint",
      new Matrix(
          0.426792, 0.904350, 0.000000, 4298.165039,
          -0.904350, 0.426792, 0.000000, 3879.563477,
          0.000000, 0.000000, 1.000000, 593.705933,
          0.000000, 0.000000, 0.000000, 1.000000
        ),
      [
      ]
    ],

    [
      "NavPointFirstAdvance2CC2M5Group03T_34_76",
      "NavPoint",
      "CZAxisCylNavPoint",
      new Matrix(
          0.426792, 0.904350, 0.000000, 4496.236816,
          -0.904350, 0.426792, 0.000000, 3616.223633,
          0.000000, 0.000000, 1.000000, 593.705933,
          0.000000, 0.000000, 0.000000, 1.000000
        ),
      [
        ["Detect", false],
        ["Name", ""],
        ["Mask", [[], []]],
        ["IsVisible", true],
        ["PositionType", ""],
        ["BehaviorHeight", 0.000000],
        ["MapCompass", false],
        ["IsMain", false],
        ["Range", 20.000000]
      ]
    ],

    [
      "NavPointFirstAdvance3CC2M5Group03T_34_76",
      "NavPoint",
      "CZAxisCylNavPoint",
      new Matrix(
          0.426792, 0.904350, 0.000000, 4524.128906,
          -0.904350, 0.426792, 0.000000, 3541.683105,
          0.000000, 0.000000, 1.000000, 578.406006,
          0.000000, 0.000000, 0.000000, 1.000000
        ),
      [
      ]
    ],

    [
      "NavPointFirstAdvance4CC2M5Group03T_34_76",
      "NavPoint",
      "CZAxisCylNavPoint",
      new Matrix(
          0.426792, 0.904350, 0.000000, 4630.977051,
          -0.904350, 0.426792, 0.000000, 3331.644043,
          0.000000, 0.000000, 1.000000, 575.259827,
          0.000000, 0.000000, 0.000000, 1.000000
        ),
      [
        ["Detect", false],
        ["Name", ""],
        ["Mask", [[], []]],
        ["IsVisible", true],
        ["PositionType", ""],
        ["BehaviorHeight", 0.000000],
        ["MapCompass", false],
        ["IsMain", false],
        ["Range", 20.000000]
      ]
    ],

    [
      "NavPointFirstAdvance5CC2M5Group03T_34_76",
      "NavPoint",
      "CZAxisCylNavPoint",
      new Matrix(
          0.426792, 0.904350, 0.000000, 4806.488281,
          -0.904350, 0.426792, 0.000000, 3011.639160,
          0.000000, 0.000000, 1.000000, 579.423279,
          0.000000, 0.000000, 0.000000, 1.000000
        ),
      [
      ]
    ],

    [
      "NavPointAssault1CC2M5Group02T_34_85",
      "NavPoint",
      "CZAxisCylNavPoint",
      new Matrix(
          0.429648, 0.902996, 0.000000, 4341.277344,
          -0.902996, 0.429648, 0.000000, 3915.240967,
          0.000000, 0.000000, 1.000000, 585.884155,
          0.000000, 0.000000, 0.000000, 1.000000
        ),
      [
      ]
    ],

    [
      "NavPointAssault2CC2M5Group02T_34_85",
      "NavPoint",
      "CZAxisCylNavPoint",
      new Matrix(
          0.429648, 0.902996, 0.000000, 4566.024414,
          -0.902996, 0.429648, 0.000000, 3691.128174,
          0.000000, 0.000000, 1.000000, 594.205505,
          0.000000, 0.000000, 0.000000, 1.000000
        ),
      [
      ]
    ],

    [
      "NavPointAssault3CC2M5Group02T_34_85",
      "NavPoint",
      "CZAxisCylNavPoint",
      new Matrix(
          0.429648, 0.902996, 0.000000, 4821.422852,
          -0.902996, 0.429648, 0.000000, 3433.491943,
          0.000000, 0.000000, 1.000000, 578.207092,
          0.000000, 0.000000, 0.000000, 1.000000
        ),
      [
        ["Detect", false],
        ["Name", ""],
        ["Mask", [[], []]],
        ["IsVisible", true],
        ["PositionType", ""],
        ["BehaviorHeight", 0.000000],
        ["MapCompass", false],
        ["IsMain", false],
        ["Range", 20.000000]
      ]
    ],

    [
      "NavPointAssault4CC2M5Group02T_34_85",
      "NavPoint",
      "CZAxisCylNavPoint",
      new Matrix(
          0.429648, 0.902996, 0.000000, 5002.609375,
          -0.902996, 0.429648, 0.000000, 3235.452637,
          0.000000, 0.000000, 1.000000, 576.475952,
          0.000000, 0.000000, 0.000000, 1.000000
        ),
      [
      ]
    ],

    [
      "NavPointAssault5CC2M5Group02T_34_85",
      "NavPoint",
      "CZAxisCylNavPoint",
      new Matrix(
          0.429648, 0.902996, 0.000000, 5115.604004,
          -0.902996, 0.429648, 0.000000, 3021.886230,
          0.000000, 0.000000, 1.000000, 585.336365,
          0.000000, 0.000000, 0.000000, 1.000000
        ),
      [
      ]
    ],

    [
      "NavPointAssault01CC2M5Group04T_34_76",
      "NavPoint",
      "CZAxisCylNavPoint",
      new Matrix(
          -0.688505, 0.725231, 0.000000, 5410.239746,
          -0.725231, -0.688505, 0.000000, 4078.883057,
          0.000000, 0.000000, 1.000000, 609.316101,
          0.000000, 0.000000, 0.000000, 1.000000
        ),
      [
      ]
    ],

    [
      "NavPointAssault02CC2M5Group04T_34_76",
      "NavPoint",
      "CZAxisCylNavPoint",
      new Matrix(
          -0.688505, 0.725231, 0.000000, 5255.166992,
          -0.725231, -0.688505, 0.000000, 4066.515381,
          0.000000, 0.000000, 1.000000, 609.316101,
          0.000000, 0.000000, 0.000000, 1.000000
        ),
      [
      ]
    ],

    [
      "NavPointAssault03CC2M5Group04T_34_76",
      "NavPoint",
      "CZAxisCylNavPoint",
      new Matrix(
          0.375374, 0.926873, 0.000000, 5016.003418,
          -0.926873, 0.375374, 0.000000, 3876.043213,
          0.000000, 0.000000, 1.000000, 584.067505,
          0.000000, 0.000000, 0.000000, 1.000000
        ),
      [
        ["Detect", false],
        ["Name", ""],
        ["Mask", [[], []]],
        ["IsVisible", true],
        ["PositionType", ""],
        ["BehaviorHeight", 0.000000],
        ["MapCompass", false],
        ["IsMain", false],
        ["Range", 20.000000]
      ]
    ],

    [
      "NavPointAssault04CC2M5Group04T_34_76",
      "NavPoint",
      "CZAxisCylNavPoint",
      new Matrix(
          0.375374, 0.926873, 0.000000, 4831.684082,
          -0.926873, 0.375374, 0.000000, 3743.321045,
          0.000000, 0.000000, 1.000000, 578.059753,
          0.000000, 0.000000, 0.000000, 1.000000
        ),
      [
        ["Detect", false],
        ["Name", ""],
        ["Mask", [[], []]],
        ["IsVisible", true],
        ["PositionType", ""],
        ["BehaviorHeight", 0.000000],
        ["MapCompass", false],
        ["IsMain", false],
        ["Range", 20.000000]
      ]
    ],

    [
      "NavPointAssault05CC2M5Group04T_34_76",
      "NavPoint",
      "CZAxisCylNavPoint",
      new Matrix(
          0.375374, 0.926873, 0.000000, 4862.217773,
          -0.926873, 0.375374, 0.000000, 3394.405518,
          0.000000, 0.000000, 1.000000, 581.741150,
          0.000000, 0.000000, 0.000000, 1.000000
        ),
      [
        ["Detect", false],
        ["Name", ""],
        ["Mask", [[], []]],
        ["IsVisible", true],
        ["PositionType", ""],
        ["BehaviorHeight", 0.000000],
        ["MapCompass", false],
        ["IsMain", false],
        ["Range", 20.000000]
      ]
    ],

    [
      "NavPointScout1CC2M5Group05T_34_76",
      "NavPoint",
      "CZAxisCylNavPoint",
      new Matrix(
          -0.687113, 0.726550, 0.000000, 5454.020996,
          -0.726550, -0.687113, 0.000000, 3712.375488,
          0.000000, 0.000000, 1.000000, 586.996277,
          0.000000, 0.000000, 0.000000, 1.000000
        ),
      [
      ]
    ],

    [
      "NavPointScout2CC2M5Group05T_34_76",
      "NavPoint",
      "CZAxisCylNavPoint",
      new Matrix(
          -0.687113, 0.726550, 0.000000, 5427.460449,
          -0.726550, -0.687113, 0.000000, 3531.923828,
          0.000000, 0.000000, 1.000000, 586.996277,
          0.000000, 0.000000, 0.000000, 1.000000
        ),
      [
      ]
    ],

    [
      "NavPointScout3CC2M5Group05T_34_76",
      "NavPoint",
      "CZAxisCylNavPoint",
      new Matrix(
          -0.687113, 0.726550, 0.000000, 5453.861328,
          -0.726550, -0.687113, 0.000000, 3289.244873,
          0.000000, 0.000000, 1.000000, 595.418762,
          0.000000, 0.000000, 0.000000, 1.000000
        ),
      [
      ]
    ],

    [
      "NavPointScout4CC2M5Group05T_34_76",
      "NavPoint",
      "CZAxisCylNavPoint",
      new Matrix(
          -0.687113, 0.726550, 0.000000, 5481.834473,
          -0.726550, -0.687113, 0.000000, 3107.601563,
          0.000000, 0.000000, 1.000000, 600.140930,
          0.000000, 0.000000, 0.000000, 1.000000
        ),
      [
      ]
    ],

    [
      "NavPointScout5CC2M5Group05T_34_76",
      "NavPoint",
      "CZAxisCylNavPoint",
      new Matrix(
          -0.687113, 0.726550, 0.000000, 5444.277832,
          -0.726550, -0.687113, 0.000000, 2972.952393,
          0.000000, 0.000000, 1.000000, 597.266968,
          0.000000, 0.000000, 0.000000, 1.000000
        ),
      [
      ]
    ],

    [
      "NavPointScout6CC2M5Group05T_34_76",
      "NavPoint",
      "CZAxisCylNavPoint",
      new Matrix(
          -0.963449, -0.267891, 0.000000, 5328.024414,
          0.267891, -0.963449, 0.000000, 2924.374756,
          0.000000, 0.000000, 1.000000, 591.155579,
          0.000000, 0.000000, 0.000000, 1.000000
        ),
      [
      ]
    ],

    [
      "NavPointScout7CC2M5Group05T_34_76",
      "NavPoint",
      "CZAxisCylNavPoint",
      new Matrix(
          -0.963449, -0.267891, 0.000000, 5119.465332,
          0.267891, -0.963449, 0.000000, 3009.291260,
          0.000000, 0.000000, 1.000000, 585.368286,
          0.000000, 0.000000, 0.000000, 1.000000
        ),
      [
      ]
    ],

    [
      "NavPointFirstAdvance001CC2M5GroupRusSoldiers",
      "NavPoint",
      "CZAxisCylNavPoint",
      new Matrix(
          0.767156, 0.641461, 0.000000, 4364.406738,
          -0.641461, 0.767156, 0.000000, 3722.036865,
