//-------------------------------------------------------------------
//                                                                   
//  This code is copyright 2001 by G5 Software.                      
//  Any unauthorized usage, either in part or in whole of this code  
//  is strictly prohibited. Violators WILL be prosecuted to the      
//  maximum extent allowed by law.                                   
//  REDUX Strucutre & Alignment Check                                                                
//-------------------------------------------------------------------
//                                                                   
//  Automatically-generated mission script file                      
//  DO NOT EDIT!                                                     
//                                                                   
//-------------------------------------------------------------------


class CC1M1Content
{
  static String m_ObjectListClassFile = "Missions/Campaign_1/Mission_1/Content.script";
  static String m_ObjectListClassName = "CC1M1Content";

  static Array  m_MissionObjectList   = [
    [
      "Atmosphere",
      "",
      "",
      new Matrix(
          1.000000, 0.000000, 0.000000, 0.000000,
          0.000000, 1.000000, 0.000000, 0.000000,
          0.000000, 0.000000, 1.000000, 0.000000,
          0.000000, 0.000000, 0.000000, 1.000000
        ),
      [
        ["AmbientLight", new Color(0.090000, 0.090000, 0.095000, 1.000000)], // Reduced from 0.117647 for better lighting balance
        ["AntiSunAngle", 10.000000],
        ["AntiSunColor", new Color(0.811765, 0.819608, 0.854902, 0.000000)],
        ["AntiSunIntensity", 0.400000],
        ["EnableHorizontAdjustment", true],
        ["FogColorXPos", new Color(0.976471, 0.988235, 1.000000, 1.000000)],
        ["FogColorXNeg", new Color(0.976471, 0.988235, 1.000000, 1.000000)],
        ["FogColorYPos", new Color(0.976471, 0.988235, 1.000000, 1.000000)],
        ["FogColorYNeg", new Color(0.976471, 0.988235, 1.000000, 1.000000)],
        ["FogDensity", 0.000500],
        ["FogNear", 10.000000],
        ["FogFar", 800.000000],
        ["FogFarMax", 3500.000000],
        ["FogMode", "Exp"],
        ["ShadowColor", new Color(0.325490, 0.325490, 0.325490, 1.000000)],
        ["SunColor", new Color(0.950000, 0.950000, 0.950000, 1.000000)], // Reduced from pure white
        ["SunDirection", new Vector(0.005952, -0.155542, -0.305348)],
        ["SunIntensity", 0.600000], // Reduced from 1.0 to prevent overexposure
        ["TreeLightKoef", 0.700000],
        ["TreeNormalRelax", 0.000000],
        ["TreeShadowLodDistance", 25.000000],
        ["AntiSunHorAngle", 105.000000]     
      ]
    ],

    [
      "Terrain",
      "",
      "",
      new Matrix(
          1.000000, 0.000000, 0.000000, 0.000000,
          0.000000, 1.000000, 0.000000, 0.000000,
          0.000000, 0.000000, 1.000000, 0.000000,
          0.000000, 0.000000, 0.000000, 1.000000
        ),
      [
        ["ForestTextureScale", 0.500000],
        ["ForestShadowBorderScale", 0.150000],//to 0.150000 (from 0.400000)jm
        ["ForestShadowAlphaScale", 0.300000],//to 0.300000 (from 0.500000)jm
        ["ForestBeginFadeDist", [250.000000, 480.000000]],         
        ["VertForestDistMin", 800.000000],
        ["VertForestDistMax", 8000.000000],
        ["VertForestAngleMin", 0.000000],
        ["VertForestAngleMax", 45.000000],
        ["VertForestBeginFadeDist", [250.000000, 410.000000]],
        ["TerrainShadowPower", 1.000000],·        
		["IsAntiLighting", true],       
        ["NormalNoise", 0.300000],
	    ["WaterBorderColor", new Color(0.556863, 0.521569, 0.443137, 1.000000)]
      ]
    ],

    [
      "MainPlayerUnit",
      "GameObject",
      "CTankT34_85_44Unit",
      new Matrix(
          0.978839, 0.204633, 0.000000, 3684.518555,
          -0.204633, 0.978839, 0.000000, 3682.898926,
          0.000000, 0.000000, 1.000000, 575.520630,
          0.000000, 0.000000, 0.000000, 1.000000
        ),
      [
        ["IsPlayer", true],
        ["IsManual", true],
        ["Affiliation", "FRIEND"],
        ["Number", "22_18"]
      ]
    ],

    [
      "CC1M1Gr_PlayerTanks",
      "UnitGroup",
      "CC1M1Gr_PlayerTanks",
      new Matrix(
          0.991688, 0.127003, -0.020594, 3688.695801,
          -0.126419, 0.991595, 0.027524, 3702.108887,
          0.023917, -0.024692, 0.999409, 574.211975,
          0.000000, 0.000000, 0.000000, 1.000000
        ),
      [
        ["Units", ["PlayerTank_1", "PlayerTank_2"]],
        ["Path", ["NP_PlayerTanks_PP_1", "NP_PlayerTanks_PP_2", "NP_PlayerTanks_PP_3", "NP_PlayerTanks_PP_4"]],
        ["DelayedOrder", true],
        ["Formation", "Column"],
        ["FormationDistance", 17],
        ["MovingSpeed", 8.800000],
        ["FirstOrder", "Patrol"],
        ["CyclePath", false]
      ]
    ],

    [
      "PlayerTank_1",
      "GameObject",
      "CTankT34_76_42Unit",
      new Matrix(
          0.991726, 0.127028, -0.018517, 3688.695801,
          -0.126472, 0.991557, 0.028631, 3702.108887,
          0.021998, -0.026052, 0.999418, 573.912415,
          0.000000, 0.000000, 0.000000, 1.000000
        ),
      [
        ["BehRadarMask", [["ENEMY", "MainMesh"], ["FRIEND", "INVISIBLE_ON_RADAR"]]],
        ["Task", "CC1M1Tsk_USSR_TanksRadar"],
        ["Affiliation", "FRIEND"],
        ["Number", "22_13"]
      ]
    ],

    [
      "PlayerTank_2",
      "GameObject",
      "CTankT34_76_42Unit",
      new Matrix(
          0.988982, 0.147816, -0.008110, 3686.452393,
          -0.147855, 0.988999, -0.004412, 3692.730957,
          0.007368, 0.005562, 0.999957, 574.201965,
          0.000000, 0.000000, 0.000000, 1.000000
        ),
      [
        ["BehRadarMask", [["ENEMY", "MainMesh"], ["FRIEND", "INVISIBLE_ON_RADAR"]]],
        ["Task", "CC1M1Tsk_USSR_TanksRadar"],
        ["Affiliation", "FRIEND"],
        ["Number", "22_14"]
      ]
    ],

    [
      "NP_PlayerTanks_PP_1",
      "NavPoint",
      "CZAxisCylNavPoint",
      new Matrix(
          0.648830, 0.760934, 0.000000, 3887.667969,
          -0.760934, 0.648830, 0.000000, 3669.623779,
          0.000000, 0.000000, 1.000000, 586.192444,
          0.000000, 0.000000, 0.000000, 1.000000
        ),
      [
        ["Range", 3.000000]
      ]
    ],

    [
      "NP_PlayerTanks_PP_2",
      "NavPoint",
      "CZAxisCylNavPoint",
      new Matrix(
          0.648830, 0.760934, 0.000000, 4069.117920,
          -0.760934, 0.648830, 0.000000, 3604.764160,
          0.000000, 0.000000, 1.000000, 592.577209,
          0.000000, 0.000000, 0.000000, 1.000000
        ),
      [
        ["Range", 3.000000]
      ]
    ],

    [
      "NP_PlayerTanks_PP_3",
      "NavPoint",
      "CZAxisCylNavPoint",
      new Matrix(
          0.648830, 0.760934, 0.000000, 4162.983887,
          -0.760934, 0.648830, 0.000000, 3524.463379,
          0.000000, 0.000000, 1.000000, 588.877319,
          0.000000, 0.000000, 0.000000, 1.000000
        ),
      [
        ["Range", 3.000000]
      ]
    ],

    [
      "NP_PlayerTanks_PP_4",
      "NavPoint",
      "CZAxisCylNavPoint",
      new Matrix(
          0.648830, 0.760934, 0.000000, 4321.557617,
          -0.760934, 0.648830, 0.000000, 3577.032715,
          0.000000, 0.000000, 1.000000, 579.881165,
          0.000000, 0.000000, 0.000000, 1.000000
        ),
      [
        ["Range", 3.000000]
      ]
    ],

    [
      "NP_PlayerTanks_Attack_1",
      "NavPoint",
      "CZAxisCylNavPoint",
      new Matrix(
          0.965567, 0.260153, 0.000000, 4712.304688,
          -0.260153, 0.965567, 0.000000, 3335.293701,
          0.000000, 0.000000, 1.000000, 598.080444,
          0.000000, 0.000000, 0.000000, 1.000000
        ),
      [
        ["Range", 3.000000]
      ]
    ],

    [
      "NP_PlayerTanks_Attack_2",
      "NavPoint",
      "CZAxisCylNavPoint",
      new Matrix(
          0.965567, 0.260153, 0.000000, 4597.214844,
          -0.260153, 0.965567, 0.000000, 3411.466553,
          0.000000, 0.000000, 1.000000, 586.599487,
          0.000000, 0.000000, 0.000000, 1.000000
        ),
      [
        ["Range", 3.000000]
      ]
    ],

    [
      "CC1M1Gr_76Tanks",
      "UnitGroup",
      "CC1M1Gr_76Tanks",
      new Matrix(
          0.652210, 0.757163, -0.036421, 3670.745850,
          -0.748634, 0.650920, 0.125896, 3616.536377,
          0.119031, -0.054844, 0.991375, 582.042664,
          0.000000, 0.000000, 0.000000, 1.000000
        ),
      [
        ["Units", ["76Tank_1", "76Tank_2", "76Tank_3"]],
        ["Path", ["NP_76Tanks_PP_1", "NP_76Tanks_PP_2", "NP_76Tanks_PP_3"]],
        ["DelayedOrder", true],
        ["Formation", "Column"],
        ["FormationDistance", 12],
        ["MovingSpeed", 8.800000],
        ["FirstOrder", "Patrol"],
        ["CyclePath", false]
      ]
    ],

    [
      "76Tank_1",
      "GameObject",
      "CTankT34_76_42Unit",
      new Matrix(
          0.651901, 0.758304, 0.000000, 3670.745850,
          -0.758304, 0.651901, 0.000000, 3616.536377,
          0.000000, 0.000000, 1.000000, 580.680542,
          0.000000, 0.000000, 0.000000, 1.000000
        ),
      [
        ["BehRadarMask", [["ENEMY", "MainMesh"], ["FRIEND", "INVISIBLE_ON_RADAR"]]],
        ["Task", "CC1M1Tsk_USSR_TanksRadar"],
        ["Affiliation", "FRIEND"],
        ["Number", "22_22"]
      ]
    ],

    [
      "76Tank_2",
      "GameObject",
      "CTankT34_76_42Unit",
      new Matrix(
          0.630199, 0.776434, 0.000000, 3672.535400,
          -0.776434, 0.630199, 0.000000, 3626.115723,
          0.000000, 0.000000, 1.000000, 579.831909,
          0.000000, 0.000000, 0.000000, 1.000000
        ),
      [
        ["BehRadarMask", [["ENEMY", "MainMesh"], ["FRIEND", "INVISIBLE_ON_RADAR"]]],
        ["Task", "CC1M1Tsk_USSR_TanksRadar"],
        ["Affiliation", "FRIEND"],
        ["Number", "22_26"]
      ]
    ],

    [
      "76Tank_3",
      "GameObject",
      "CTankT34_76_42Unit",
      new Matrix(
          0.632937, 0.774203, 0.000000, 3674.177979,
          -0.774203, 0.632937, 0.000000, 3636.821777,
          0.000000, 0.000000, 1.000000, 582.349304,
          0.000000, 0.000000, 0.000000, 1.000000
        ),
      [
        ["BehRadarMask", [["ENEMY", "MainMesh"], ["FRIEND", "INVISIBLE_ON_RADAR"]]],
        ["Task", "CC1M1Tsk_USSR_TanksRadar"],
        ["Affiliation", "FRIEND"],
        ["Number", "22_28"]
      ]
    ],

    [
      "NP_76Tanks_PP_1",
      "NavPoint",
      "CZAxisCylNavPoint",
      new Matrix(
          0.653708, 0.756747, 0.000000, 3661.460449,
          -0.756747, 0.653708, 0.000000, 3457.791504,
          0.000000, 0.000000, 1.000000, 594.412842,
          0.000000, 0.000000, 0.000000, 1.000000
        ),
      [
        ["Range", 3.000000]
      ]
    ],

    [
      "NP_76Tanks_PP_2",
      "NavPoint",
      "CZAxisCylNavPoint",
      new Matrix(
          0.653708, 0.756747, 0.000000, 3963.209473,
          -0.756747, 0.653708, 0.000000, 3313.330322,
          0.000000, 0.000000, 1.000000, 604.088074,
          0.000000, 0.000000, 0.000000, 1.000000
        ),
      [
        ["Range", 3.000000]
      ]
    ],

    [
      "NP_76Tanks_PP_3",
      "NavPoint",
      "CZAxisCylNavPoint",
      new Matrix(
          0.653708, 0.756747, 0.000000, 4216.531738,
          -0.756747, 0.653708, 0.000000, 3312.478271,
          0.000000, 0.000000, 1.000000, 579.770874,
          0.000000, 0.000000, 0.000000, 1.000000
        ),
      [
        ["Range", 3.000000]
      ]
    ],

    [
      "NP_76Tanks_ScoutPoint",
      "NavPoint",
      "CZAxisCylNavPoint",
      new Matrix(
          0.653708, 0.756747, 0.000000, 4303.327637,
          -0.756747, 0.653708, 0.000000, 3314.423096,
          0.000000, 0.000000, 1.000000, 596.910706,
          0.000000, 0.000000, 0.000000, 1.000000
        ),
      [
        ["Range", 3.000000]
      ]
    ],

    [
      "CC1M1Gr_ReinforcementTanks",
      "UnitGroup",
      "CC1M1Gr_ReinforcementTanks",
      new Matrix(
          0.313394, -0.949039, 0.033309, 4145.277832,
          0.946298, 0.309171, -0.094513, 2905.636719,
          0.079398, 0.061140, 0.994966, 571.044373,
          0.000000, 0.000000, 0.000000, 1.000000
        ),
      [
        ["Units", ["ReinforcementTank_1", "ReinforcementTank_2"]],
        ["CyclePath", false]
      ]
    ],

    [
      "ReinforcementTank_1",
      "GameObject",
      "CTankT34_76_42Unit",
      new Matrix(
          0.313429, -0.949083, 0.031685, 4145.277832,
          0.946197, 0.309301, -0.095102, 2905.636719,
          0.080460, 0.059788, 0.994963, 571.042419,
          0.000000, 0.000000, 0.000000, 1.000000
        ),
      [
        ["Task", "CBaseAITankTask"],
        ["Affiliation", "FRIEND"],
        ["Number", "22_24"]
      ]
    ],

    [
      "ReinforcementTank_2",
      "GameObject",
      "CTankT34_76_42Unit",
      new Matrix(
          0.307376, -0.950353, 0.048471, 4124.053711,
          0.950857, 0.304745, -0.054782, 2893.224609,
          0.037291, 0.062928, 0.997321, 570.772156,
          0.000000, 0.000000, 0.000000, 1.000000
        ),
      [
        ["Task", "CBaseAITankTask"],
        ["Affiliation", "FRIEND"],
        ["Number", "22_25"]
      ]
    ],

    [
      "NP_ReinforcementTanks_PP_1",
      "NavPoint",
      "CZAxisCylNavPoint",
      new Matrix(
          0.965567, 0.260153, 0.000000, 4387.051758,
          -0.260153, 0.965567, 0.000000, 3175.897705,
          0.000000, 0.000000, 1.000000, 599.588989,
          0.000000, 0.000000, 0.000000, 1.000000
        ),
      [
        ["Range", 3.000000]
      ]
    ],

    [
      "NP_ReinforcementTanks_PP_2",
      "NavPoint",
      "CZAxisCylNavPoint",
      new Matrix(
          0.965567, 0.260153, 0.000000, 4476.763184,
          -0.260153, 0.965567, 0.000000, 3180.749268,
          0.000000, 0.000000, 1.000000, 599.588989,
          0.000000, 0.000000, 0.000000, 1.000000
        ),
      [
        ["Range", 3.000000]
      ]
    ],

    [
      "CC1M1Gr_LeftInfantryOne",
      "UnitGroup",
      "CC1M1Gr_LeftInfantryOne",
      new Matrix(
          0.986264, 0.165176, 0.000000, 4082.398193,
          -0.165176, 0.986264, 0.000000, 3502.824707,
          0.000000, 0.000000, 1.000000, 590.253479,
          0.000000, 0.000000, 0.000000, 1.000000
        ),
      [
        ["Units", ["LeftInfantrymanOne_1", "LeftInfantrymanOne_2", "LeftInfantrymanOne_3", "LeftInfantrymanOne_4", "LeftInfantrymanOne_5", "LeftInfantrymanOne_6"]],
        ["Formation", "CFrontFormation"],
        ["FormationDistance", 15]
      ]
    ],

    [
      "LeftInfantrymanOne_1",
      "GameObject",
      "CSovietSoldierRifleUnit",
      new Matrix(
          0.986264, 0.165176, 0.000000, 4082.398193,
          -0.165176, 0.986264, 0.000000, 3502.824707,
          0.000000, 0.000000, 1.000000, 590.253479,
          0.000000, 0.000000, 0.000000, 1.000000
        ),
      [
        ["BehRadarMask", [["ENEMY", "MainMesh"], ["FRIEND", "INVISIBLE_ON_RADAR"]]],
        ["Task", "CC1M1Tsk_USSR_InfantryRadar"],
        ["Affiliation", "FRIEND"]
      ]
    ],

    [
      "LeftInfantrymanOne_2",
      "GameObject",
      "CSovietSoldierRifleUnit",
      new Matrix(
          0.986264, 0.165176, 0.000000, 4077.989990,
          -0.165176, 0.986264, 0.000000, 3491.238525,
          0.000000, 0.000000, 1.000000, 590.389587,
          0.000000, 0.000000, 0.000000, 1.000000
        ),
      [
        ["BehRadarMask", [["ENEMY", "MainMesh"], ["FRIEND", "INVISIBLE_ON_RADAR"]]],
        ["Task", "CC1M1Tsk_USSR_InfantryRadar"],
        ["Affiliation", "FRIEND"]
      ]
    ],

    [
      "LeftInfantrymanOne_3",
      "GameObject",
      "CSovietSoldierRifleUnit",
      new Matrix(
          0.986264, 0.165176, 0.000000, 4078.121338,
          -0.165176, 0.986264, 0.000000, 3508.566162,
          0.000000, 0.000000, 1.000000, 591.187683,
          0.000000, 0.000000, 0.000000, 1.000000
        ),
      [
        ["BehRadarMask", [["ENEMY", "MainMesh"], ["FRIEND", "INVISIBLE_ON_RADAR"]]],
        ["Task", "CC1M1Tsk_USSR_InfantryRadar"],
        ["Affiliation", "FRIEND"]
      ]
    ],

    [
      "LeftInfantrymanOne_4",
      "GameObject",
      "CSovietSoldierRifleUnit",
      new Matrix(
          0.986264, 0.165176, 0.000000, 4074.347900,
          -0.165176, 0.986264, 0.000000, 3498.832031,
          0.000000, 0.000000, 1.000000, 590.684082,
          0.000000, 0.000000, 0.000000, 1.000000
        ),
      [
        ["BehRadarMask", [["ENEMY", "MainMesh"], ["FRIEND", "INVISIBLE_ON_RADAR"]]],
        ["Task", "CC1M1Tsk_USSR_InfantryRadar"],
        ["Affiliation", "FRIEND"]
      ]
    ],

    [
      "LeftInfantrymanOne_5",
      "GameObject",
      "CSovietSoldierRifleUnit",
      new Matrix(
          0.986264, 0.165176, 0.000000, 4068.574951,
          -0.165176, 0.986264, 0.000000, 3511.431885,
          0.000000, 0.000000, 1.000000, 591.659668,
          0.000000, 0.000000, 0.000000, 1.000000
        ),
      [
        ["BehRadarMask", [["ENEMY", "MainMesh"], ["FRIEND", "INVISIBLE_ON_RADAR"]]],
        ["Task", "CC1M1Tsk_USSR_InfantryRadar"],
        ["Affiliation", "FRIEND"]
      ]
    ],

    [
      "LeftInfantrymanOne_6",
      "GameObject",
      "CSovietSoldierRifleUnit",
      new Matrix(
          0.986264, 0.165176, 0.000000, 4067.797363,
          -0.165176, 0.986264, 0.000000, 3491.940918,
          0.000000, 0.000000, 1.000000, 590.590698,
          0.000000, 0.000000, 0.000000, 1.000000
        ),
      [
        ["BehRadarMask", [["ENEMY", "MainMesh"], ["FRIEND", "INVISIBLE_ON_RADAR"]]],
        ["Task", "CC1M1Tsk_USSR_InfantryRadar"],
        ["Affiliation", "FRIEND"]
      ]
    ],

    [
      "NP_LeftInfantryOne_Attack",
      "NavPoint",
      "CZAxisCylNavPoint",
      new Matrix(
          0.965567, 0.260153, 0.000000, 4308.283203,
          -0.260153, 0.965567, 0.000000, 3460.626465,
          0.000000, 0.000000, 1.000000, 585.468506,
          0.000000, 0.000000, 0.000000, 1.000000
        ),
      [
        ["Range", 0.000000]
      ]
    ],

    [
      "CC1M1Gr_RightInfantryOne",
      "UnitGroup",
      "CC1M1Gr_RightInfantryOne",
      new Matrix(
          0.986264, 0.165176, 0.000000, 4064.657471,
          -0.165176, 0.986264, 0.000000, 3442.512451,
          0.000000, 0.000000, 1.000000, 590.408020,
          0.000000, 0.000000, 0.000000, 1.000000
        ),
      [
        ["Units", ["RightInfantrymanOne_1", "RightInfantrymanOne_2", "RightInfantrymanOne_3", "RightInfantrymanOne_4", "RightInfantrymanOne_5", "RightInfantrymanOne_6"]],
        ["Formation", "CFrontFormation"],
        ["FormationDistance", 15]
      ]
    ],

    [
      "RightInfantrymanOne_1",
      "GameObject",
      "CSovietSoldierRifleUnit",
      new Matrix(
          0.986264, 0.165176, 0.000000, 4064.657471,
          -0.165176, 0.986264, 0.000000, 3442.512451,
          0.000000, 0.000000, 1.000000, 590.407959,
          0.000000, 0.000000, 0.000000, 1.000000
        ),
      [
        ["BehRadarMask", [["ENEMY", "MainMesh"], ["FRIEND", "INVISIBLE_ON_RADAR"]]],
        ["Task", "CC1M1Tsk_USSR_InfantryRadar"],
        ["Affiliation", "FRIEND"]
      ]
    ],

    [
      "RightInfantrymanOne_2",
      "GameObject",
      "CSovietSoldierRifleUnit",
      new Matrix(
          0.965567, 0.260155, 0.000000, 4059.311279,
          -0.260155, 0.965567, 0.000000, 3432.896973,
          0.000000, 0.000000, 1.000000, 590.748657,
          0.000000, 0.000000, 0.000000, 1.000000
        ),
      [
        ["BehRadarMask", [["ENEMY", "MainMesh"], ["FRIEND", "INVISIBLE_ON_RADAR"]]],
        ["Task", "CC1M1Tsk_USSR_InfantryRadar"],
        ["Affiliation", "FRIEND"]
      ]
    ],

    [
      "RightInfantrymanOne_3",
      "GameObject",
      "CSovietSoldierRifleUnit",
      new Matrix(
          0.965567, 0.260155, 0.000000, 4057.056396,
          -0.260155, 0.965567, 0.000000, 3441.343506,
          0.000000, 0.000000, 1.000000, 590.892334,
          0.000000, 0.000000, 0.000000, 1.000000
        ),
      [
        ["BehRadarMask", [["ENEMY", "MainMesh"], ["FRIEND", "INVISIBLE_ON_RADAR"]]],
        ["Task", "CC1M1Tsk_USSR_InfantryRadar"],
        ["Affiliation", "FRIEND"]
      ]
    ],

    [
      "RightInfantrymanOne_4",
      "GameObject",
      "CSovietSoldierRifleUnit",
      new Matrix(
          0.965567, 0.260155, 0.000000, 4060.333008,
          -0.260155, 0.965567, 0.000000, 3449.170166,
          0.000000, 0.000000, 1.000000, 590.567444,
          0.000000, 0.000000, 0.000000, 1.000000
        ),
      [
        ["BehRadarMask", [["ENEMY", "MainMesh"], ["FRIEND", "INVISIBLE_ON_RADAR"]]],
        ["Task", "CC1M1Tsk_USSR_InfantryRadar"],
        ["Affiliation", "FRIEND"]
      ]
    ],

    [
      "RightInfantrymanOne_5",
      "GameObject",
      "CSovietSoldierRifleUnit",
      new Matrix(
          0.965567, 0.260155, 0.000000, 4050.702881,
          -0.260155, 0.965567, 0.000000, 3449.678955,
          0.000000, 0.000000, 1.000000, 591.158020,
          0.000000, 0.000000, 0.000000, 1.000000
        ),
      [
        ["BehRadarMask", [["ENEMY", "MainMesh"], ["FRIEND", "INVISIBLE_ON_RADAR"]]],
        ["Task", "CC1M1Tsk_USSR_InfantryRadar"],
        ["Affiliation", "FRIEND"]
      ]
    ],

    [
      "RightInfantrymanOne_6",
      "GameObject",
      "CSovietSoldierRifleUnit",
      new Matrix(
          0.965567, 0.260155, 0.000000, 4051.451416,
          -0.260155, 0.965567, 0.000000, 3433.918457,
          0.000000, 0.000000, 1.000000, 591.249390,
          0.000000, 0.000000, 0.000000, 1.000000
        ),
      [
        ["BehRadarMask", [["ENEMY", "MainMesh"], ["FRIEND", "INVISIBLE_ON_RADAR"]]],
        ["Task", "CC1M1Tsk_USSR_InfantryRadar"],
        ["Affiliation", "FRIEND"]
      ]
    ],

    [
      "NP_RightInfantryOne_Attack",
      "NavPoint",
      "CZAxisCylNavPoint",
      new Matrix(
          0.965567, 0.260153, 0.000000, 4243.688965,
          -0.260153, 0.965567, 0.000000, 3373.979248,
          0.000000, 0.000000, 1.000000, 585.618042,
          0.000000, 0.000000, 0.000000, 1.000000
        ),
      [
        ["Range", 0.000000]
      ]
    ],

    [
      "CC1M1Gr_LeftInfantryTwo",
      "UnitGroup",
      "CC1M1Gr_LeftInfantryTwo",
      new Matrix(
          0.991081, 0.133262, 0.000000, 4325.910156,
          -0.133262, 0.991081, 0.000000, 3461.569092,
          0.000000, 0.000000, 1.000000, 585.140869,
          0.000000, 0.000000, 0.000000, 1.000000
        ),
      [
        ["Units", ["LeftInfantrymanTwo_1", "LeftInfantrymanTwo_2", "LeftInfantrymanTwo_3", "LeftInfantrymanTwo_4", "LeftInfantrymanTwo_5", "LeftInfantrymanTwo_6"]],
        ["Formation", "CFrontFormation"],
        ["FormationDistance", 15]
      ]
    ],

    [
      "LeftInfantrymanTwo_1",
      "GameObject",
      "CSovietSoldierRifleUnit",
      new Matrix(
          0.991081, 0.133262, 0.000000, 4325.910156,
          -0.133262, 0.991081, 0.000000, 3461.569092,
          0.000000, 0.000000, 1.000000, 585.140869,
          0.000000, 0.000000, 0.000000, 1.000000
        ),
      [
        ["BehRadarMask", [["ENEMY", "MainMesh"], ["FRIEND", "INVISIBLE_ON_RADAR"]]],
        ["Task", "CC1M1Tsk_USSR_InfantryRadar"],
        ["Affiliation", "FRIEND"]
      ]
    ],

    [
      "LeftInfantrymanTwo_2",
      "GameObject",
      "CSovietSoldierRifleUnit",
      new Matrix(
          0.991081, 0.133262, 0.000000, 4324.919434,
          -0.133262, 0.991081, 0.000000, 3454.838867,
          0.000000, 0.000000, 1.000000, 585.011658,
          0.000000, 0.000000, 0.000000, 1.000000
        ),
      [
        ["BehRadarMask", [["ENEMY", "MainMesh"], ["FRIEND", "INVISIBLE_ON_RADAR"]]],
        ["Task", "CC1M1Tsk_USSR_InfantryRadar"],
        ["Affiliation", "FRIEND"]
      ]
    ],

    [
      "LeftInfantrymanTwo_3",
      "GameObject",
      "CSovietSoldierRifleUnit",
      new Matrix(
          0.991081, 0.133262, 0.000000, 4320.964844,
          -0.133262, 0.991081, 0.000000, 3450.639648,
          0.000000, 0.000000, 1.000000, 585.121826,
          0.000000, 0.000000, 0.000000, 1.000000
        ),
      [
        ["BehRadarMask", [["ENEMY", "MainMesh"], ["FRIEND", "INVISIBLE_ON_RADAR"]]],
        ["Task", "CC1M1Tsk_USSR_InfantryRadar"],
        ["Affiliation", "FRIEND"]
      ]
    ],

    [
      "LeftInfantrymanTwo_4",
      "GameObject",
      "CSovietSoldierRifleUnit",
      new Matrix(
          0.991081, 0.133262, 0.000000, 4318.975098,
          -0.133262, 0.991081, 0.000000, 3465.651123,
          0.000000, 0.000000, 1.000000, 585.420898,
          0.000000, 0.000000, 0.000000, 1.000000
        ),
      [
        ["BehRadarMask", [["ENEMY", "MainMesh"], ["FRIEND", "INVISIBLE_ON_RADAR"]]],
        ["Task", "CC1M1Tsk_USSR_InfantryRadar"],
        ["Affiliation", "FRIEND"]
      ]
    ],

    [
      "LeftInfantrymanTwo_5",
      "GameObject",
      "CSovietSoldierRifleUnit",
      new Matrix(
          0.991081, 0.133262, 0.000000, 4315.282227,
          -0.133262, 0.991081, 0.000000, 3462.306396,
          0.000000, 0.000000, 1.000000, 585.487610,
          0.000000, 0.000000, 0.000000, 1.000000
        ),
      [
        ["BehRadarMask", [["ENEMY", "MainMesh"], ["FRIEND", "INVISIBLE_ON_RADAR"]]],
        ["Task", "CC1M1Tsk_USSR_InfantryRadar"],
        ["Affiliation", "FRIEND"]
      ]
    ],

    [
      "LeftInfantrymanTwo_6",
      "GameObject",
      "CSovietSoldierRifleUnit",
      new Matrix(
          0.991081, 0.133262, 0.000000, 4313.356445,
          -0.133262, 0.991081, 0.000000, 3456.690430,
          0.000000, 0.000000, 1.000000, 585.519043,
          0.000000, 0.000000, 0.000000, 1.000000
        ),
      [
        ["BehRadarMask", [["ENEMY", "MainMesh"], ["FRIEND", "INVISIBLE_ON_RADAR"]]],
        ["Task", "CC1M1Tsk_USSR_InfantryRadar"],
        ["Affiliation", "FRIEND"]
      ]
    ],

    [
      "NP_LeftInfantryTwo_Attack",
      "NavPoint",
      "CZAxisCylNavPoint",
      new Matrix(
          0.965567, 0.260153, 0.000000, 4617.918457,
          -0.260153, 0.965567, 0.000000, 3337.314941,
          0.000000, 0.000000, 1.000000, 590.614319,
          0.000000, 0.000000, 0.000000, 1.000000
        ),
      [
        ["Range", 1.000000]
      ]
    ],

    [
      "NP_LeftInfantryTwo_Phase3",
      "NavPoint",
      "CZAxisCylNavPoint",
      new Matrix(
          0.653708, 0.756747, 0.000000, 4693.306641,
          -0.756747, 0.653708, 0.000000, 3369.941406,
          0.000000, 0.000000, 1.000000, 597.210266,
          0.000000, 0.000000, 0.000000, 1.000000
        ),
      [
        ["Range", 0.000000]
      ]
    ],

    [
      "CC1M1Gr_RightInfantryTwo",
      "UnitGroup",
      "CC1M1Gr_RightInfantryTwo",
      new Matrix(
          0.986264, 0.165176, 0.000000, 4272.895020,
          -0.165176, 0.986264, 0.000000, 3377.387939,
          0.000000, 0.000000, 1.000000, 584.515259,
          0.000000, 0.000000, 0.000000, 1.000000
        ),
      [
        ["Units", ["RightInfantrymanTwo_1", "RightInfantrymanTwo_2", "RightInfantrymanTwo_3", "RightInfantrymanTwo_4", "RightInfantrymanTwo_5", "RightInfantrymanTwo_6", "RightInfantrymanTwo_7", "RightInfantrymanTwo_8", "RightInfantrymanTwo_9", "RightInfantrymanTwo_10", "RightInfantrymanTwo_11", "RightInfantrymanTwo_12", "RightInfantrymanTwo_13", "RightInfantrymanTwo_14", "RightInfantrymanTwo_15", "RightInfantrymanTwo_16"]],
        ["Formation", "CFrontFormation"],
        ["FormationDistance", 15]
      ]
    ],

    [
      "RightInfantrymanTwo_1",
      "GameObject",
      "CSovietSoldierRifleUnit",
      new Matrix(
          0.986264, 0.165176, 0.000000, 4272.895020,
          -0.165176, 0.986264, 0.000000, 3377.387939,
          0.000000, 0.000000, 1.000000, 584.515259,
          0.000000, 0.000000, 0.000000, 1.000000
        ),
      [
        ["BehRadarMask", [["ENEMY", "MainMesh"], ["FRIEND", "INVISIBLE_ON_RADAR"]]],
        ["Task", "CC1M1Tsk_USSR_InfantryRadar"],
        ["Affiliation", "FRIEND"]
      ]
    ],

    [
      "RightInfantrymanTwo_2",
      "GameObject",
      "CSovietSoldierRifleUnit",
      new Matrix(
          0.986264, 0.165176, 0.000000, 4272.538086,
          -0.165176, 0.986264, 0.000000, 3369.941895,
          0.000000, 0.000000, 1.000000, 583.971497,
          0.000000, 0.000000, 0.000000, 1.000000
        ),
      [
        ["BehRadarMask", [["ENEMY", "MainMesh"], ["FRIEND", "INVISIBLE_ON_RADAR"]]],
        ["Task", "CC1M1Tsk_USSR_InfantryRadar"],
        ["Affiliation", "FRIEND"]
      ]
    ],

    [
      "RightInfantrymanTwo_3",
      "GameObject",
      "CSovietSoldierRifleUnit",
      new Matrix(
          0.986264, 0.165176, 0.000000, 4267.841797,
          -0.165176, 0.986264, 0.000000, 3363.284180,
          0.000000, 0.000000, 1.000000, 583.728149,
          0.000000, 0.000000, 0.000000, 1.000000
        ),
      [
        ["BehRadarMask", [["ENEMY", "MainMesh"], ["FRIEND", "INVISIBLE_ON_RADAR"]]],
        ["Task", "CC1M1Tsk_USSR_InfantryRadar"],
        ["Affiliation", "FRIEND"]
      ]
    ],

    [
      "RightInfantrymanTwo_4",
      "GameObject",
      "CSovietSoldierRifleUnit",
      new Matrix(
          0.986264, 0.165176, 0.000000, 4264.972656,
          -0.165176, 0.986264, 0.000000, 3378.559082,
          0.000000, 0.000000, 1.000000, 584.951233,
          0.000000, 0.000000, 0.000000, 1.000000
        ),
      [
        ["BehRadarMask", [["ENEMY", "MainMesh"], ["FRIEND", "INVISIBLE_ON_RADAR"]]],
        ["Task", "CC1M1Tsk_USSR_InfantryRadar"],
        ["Affiliation", "FRIEND"]
      ]
    ],

    [
      "RightInfantrymanTwo_5",
      "GameObject",
      "CSovietSoldierRifleUnit",
      new Matrix(
          0.986264, 0.165176, 0.000000, 4262.708008,
          -0.165176, 0.986264, 0.000000, 3373.299316,
          0.000000, 0.000000, 1.000000, 584.556824,
          0.000000, 0.000000, 0.000000, 1.000000
        ),
      [
        ["BehRadarMask", [["ENEMY", "MainMesh"], ["FRIEND", "INVISIBLE_ON_RADAR"]]],
        ["Task", "CC1M1Tsk_USSR_InfantryRadar"],
        ["Affiliation", "FRIEND"]
      ]
    ],

    [
      "RightInfantrymanTwo_6",
      "GameObject",
      "CSovietSoldierRifleUnit",
      new Matrix(
          0.986264, 0.165176, 0.000000, 4262.661621,
          -0.165176, 0.986264, 0.000000, 3366.007813,
          0.000000, 0.000000, 1.000000, 584.007568,
          0.000000, 0.000000, 0.000000, 1.000000
        ),
      [
        ["BehRadarMask", [["ENEMY", "MainMesh"], ["FRIEND", "INVISIBLE_ON_RADAR"]]],
        ["Task", "CC1M1Tsk_USSR_InfantryRadar"],
        ["Affiliation", "FRIEND"]
      ]
    ],

    [
      "NP_RightInfantryTwo_Attack",
      "NavPoint",
      "CZAxisCylNavPoint",
      new Matrix(
          0.965567, 0.260153, 0.000000, 4512.925293,
          -0.260153, 0.965567, 0.000000, 3317.158447,
          0.000000, 0.000000, 1.000000, 585.281128,
          0.000000, 0.000000, 0.000000, 1.000000
        ),
      [
        ["Range", 1.000000]
      ]
    ],

    [
      "NP_RightInfantryTwo_Phase3",
      "NavPoint",
      "CZAxisCylNavPoint",
      new Matrix(
          0.653708, 0.756747, 0.000000, 4639.131836,
          -0.756747, 0.653708, 0.000000, 3190.699463,
          0.000000, 0.000000, 1.000000, 597.953308,
          0.000000, 0.000000, 0.000000, 1.000000
        ),
      [
        ["Range", 0.000000]
      ]
    ],

    [
      "NP_LeftInfantryTwo_Brighten",
      "NavPoint",
      "CZAxisCylNavPoint",
      new Matrix(
          0.965567, 0.260153, 0.000000, 4280.482910,
          -0.260153, 0.965567, 0.000000, 3467.600098,
          0.000000, 0.000000, 1.000000, 585.467896,
          0.000000, 0.000000, 0.000000, 1.000000
        ),
      [
        ["Detect", true],
        ["Mask", [["PLAYERUNIT"], []]],
        ["Range", 50.000000]
      ]
    ],

    [
      "NP_RightInfantryTwo_Brighten",
      "NavPoint",
      "CZAxisCylNavPoint",
      new Matrix(
          0.965567, 0.260153, 0.000000, 4250.555664,
          -0.260153, 0.965567, 0.000000, 3374.754395,
          0.000000, 0.000000, 1.000000, 585.618042,
          0.000000, 0.000000, 0.000000, 1.000000
        ),
      [
        ["Detect", true],
        ["Mask", [["PLAYERUNIT"], []]],
        ["Range", 50.000000]
      ]
    ],

    [
      "NP_InfantryTwoZone",
      "NavPoint",
      "CZAxisCylNavPoint",
      new Matrix(
          0.648830, 0.760934, 0.000000, 4289.068359,
          -0.760934, 0.648830, 0.000000, 3417.693359,
          0.000000, 0.000000, 1.000000, 585.461914,
          0.000000, 0.000000, 0.000000, 1.000000
        ),
      [
        ["Range", 1.000000]
      ]
    ],

    [
      "CC1M1Gr_LeftInfantryThree",
      "UnitGroup",
      "CC1M1Gr_LeftInfantryThree",
      new Matrix(
          0.991081, 0.133262, 0.000000, 4701.315918,
          -0.133262, 0.991081, 0.000000, 3366.156250,
          0.000000, 0.000000, 1.000000, 589.184143,
          0.000000, 0.000000, 0.000000, 1.000000
        ),
      [
        ["Units", ["LeftInfantrymanThree_1", "LeftInfantrymanThree_2", "LeftInfantrymanThree_3"]],
        ["Formation", "CFrontFormation"],
        ["FormationDistance", 15]
      ]
    ],

    [
      "LeftInfantrymanThree_1",
      "GameObject",
      "CSovietSoldierRifleUnit",
      new Matrix(
          0.991081, 0.133262, 0.000000, 4701.315918,
          -0.133262, 0.991081, 0.000000, 3366.156250,
          0.000000, 0.000000, 1.000000, 589.184143,
          0.000000, 0.000000, 0.000000, 1.000000
        ),
      [
        ["BehRadarMask", [["ENEMY", "MainMesh"], ["FRIEND", "INVISIBLE_ON_RADAR"]]],
        ["Task", "CC1M1Tsk_USSR_InfantryRadar"],
        ["Affiliation", "FRIEND"]
      ]
    ],

    [
      "LeftInfantrymanThree_2",
      "GameObject",
      "CSovietSoldierRifleUnit",
      new Matrix(
          0.991081, 0.133262, 0.000000, 4690.781250,
          -0.133262, 0.991081, 0.000000, 3369.566162,
          0.000000, 0.000000, 1.000000, 588.796753,
          0.000000, 0.000000, 0.000000, 1.000000
        ),
      [
        ["BehRadarMask", [["ENEMY", "MainMesh"], ["FRIEND", "INVISIBLE_ON_RADAR"]]],
        ["Task", "CC1M1Tsk_USSR_InfantryRadar"],
        ["Affiliation", "FRIEND"]
      ]
    ],

    [
      "LeftInfantrymanThree_3",
      "GameObject",
      "CSovietSoldierRifleUnit",
      new Matrix(
          0.991081, 0.133262, 0.000000, 4694.068848,
          -0.133262, 0.991081, 0.000000, 3379.173096,
          0.000000, 0.000000, 1.000000, 588.750916,
          0.000000, 0.000000, 0.000000, 1.000000
        ),
      [
        ["BehRadarMask", [["ENEMY", "MainMesh"], ["FRIEND", "INVISIBLE_ON_RADAR"]]],
        ["Task", "CC1M1Tsk_USSR_InfantryRadar"],
        ["Affiliation", "FRIEND"]
      ]
    ],

    [
      "NP_LeftInfantryThree_Attack",
      "NavPoint",
      "CZAxisCylNavPoint",
      new Matrix(
          0.965567, 0.260153, 0.000000, 4721.599121,
          -0.260153, 0.965567, 0.000000, 3271.903564,
          0.000000, 0.000000, 1.000000, 599.149658,
          0.000000, 0.000000, 0.000000, 1.000000
        ),
      [
        ["Range", 0.000000]
      ]
    ],

    [
      "CC1M1Gr_RightInfantryThree",
      "UnitGroup",
      "CC1M1Gr_RightInfantryThree",
      new Matrix(
          0.991081, 0.133262, 0.000000, 4639.610840,
          -0.133262, 0.991081, 0.000000, 3190.404053,
          0.000000, 0.000000, 1.000000, 588.219971,
          0.000000, 0.000000, 0.000000, 1.000000
        ),
      [
        ["Units", ["RightInfantrymanThree_1", "RightInfantrymanThree_2", "RightInfantrymanThree_3"]],
        ["Formation", "CFrontFormation"],
        ["FormationDistance", 15]
      ]
    ],

    [
      "RightInfantrymanThree_1",
      "GameObject",
      "CSovietSoldierRifleUnit",
      new Matrix(
          0.991081, 0.133262, 0.000000, 4639.610840,
          -0.133262, 0.991081, 0.000000, 3190.404053,
          0.000000, 0.000000, 1.000000, 588.219971,
          0.000000, 0.000000, 0.000000, 1.000000
        ),
      [
        ["BehRadarMask", [["ENEMY", "MainMesh"], ["FRIEND", "INVISIBLE_ON_RADAR"]]],
        ["Task", "CC1M1Tsk_USSR_InfantryRadar"],
        ["Affiliation", "FRIEND"]
      ]
    ],

    [
      "RightInfantrymanThree_2",
      "GameObject",
      "CSovietSoldierRifleUnit",
      new Matrix(
          0.991081, 0.133262, 0.000000, 4631.800781,
          -0.133262, 0.991081, 0.000000, 3180.158936,
          0.000000, 0.000000, 1.000000, 588.219971,
          0.000000, 0.000000, 0.000000, 1.000000
        ),
      [
        ["BehRadarMask", [["ENEMY", "MainMesh"], ["FRIEND", "INVISIBLE_ON_RADAR"]]],
        ["Task", "CC1M1Tsk_USSR_InfantryRadar"],
        ["Affiliation", "FRIEND"]
      ]
    ],

    [
      "RightInfantrymanThree_3",
      "GameObject",
      "CSovietSoldierRifleUnit",
      new Matrix(
          0.991081, 0.133262, 0.000000, 4629.020020,
          -0.133262, 0.991081, 0.000000, 3189.518799,
          0.000000, 0.000000, 1.000000, 588.219971,
          0.000000, 0.000000, 0.000000, 1.000000
        ),
      [
        ["BehRadarMask", [["ENEMY", "MainMesh"], ["FRIEND", "INVISIBLE_ON_RADAR"]]],
        ["Task", "CC1M1Tsk_USSR_InfantryRadar"],
        ["Affiliation", "FRIEND"]
      ]
    ],

    [
      "NP_RightInfantryThree_Attack",
      "NavPoint",
      "CZAxisCylNavPoint",
      new Matrix(
          0.965567, 0.260153, 0.000000, 4711.017578,
          -0.260153, 0.965567, 0.000000, 3229.268311,
          0.000000, 0.000000, 1.000000, 601.594666,
          0.000000, 0.000000, 0.000000, 1.000000
        ),
      [
        ["Range", 0.000000]
      ]
    ],

    [
      "NP_LeftInfantryThree_Brighten",
      "NavPoint",
      "CZAxisCylNavPoint",
      new Matrix(
          0.965567, 0.260153, 0.000000, 4685.599609,
          -0.260153, 0.965567, 0.000000, 3374.225830,
          0.000000, 0.000000, 1.000000, 596.435913,
          0.000000, 0.000000, 0.000000, 1.000000
        ),
      [
        ["Detect", true],
        ["Mask", [["PLAYERUNIT"], []]],
        ["Range", 50.000000]
      ]
    ],

    [
      "NP_RightInfantryThree_Brighten",
      "NavPoint",
      "CZAxisCylNavPoint",
      new Matrix(
          0.965567, 0.260153, 0.000000, 4624.203613,
          -0.260153, 0.965567, 0.000000, 3203.411377,
          0.000000, 0.000000, 1.000000, 597.093201,
          0.000000, 0.000000, 0.000000, 1.000000
        ),
      [
        ["Detect", true],
        ["Mask", [["PLAYERUNIT"], []]],
        ["Range", 50.000000]
      ]
    ],

    [
      "CC1M1Gr_GermanTanks",
      "UnitGroup",
      "CC1M1Gr_GermanTanks",
      new Matrix(
          -0.790085, -0.612994, -0.001822, 4801.095703,
          0.612996, -0.790086, -0.000547, 3139.226563,
          -0.001104, -0.001549, 0.999998, 588.871277,
