//-------------------------------------------------------------------
//                                                                   
//  This code is copyright 2001 by G5 Software.                      
//  Any unauthorized usage, either in part or in whole of this code  
//  is strictly prohibited. Violators WILL be prosecuted to the      
//  maximum extent allowed by law.                                   
//                                                                   
//-------------------------------------------------------------------
//                                                                   
//  Automatically-generated mission script file                      
//  DO NOT EDIT!                                                     
//                                                                   
//-------------------------------------------------------------------


class CC2M3Content
{
  static String m_ObjectListClassFile = "Missions/Campaign_2/Mission_3/Content.script";
  static String m_ObjectListClassName = "CC2M3Content";

  static Array  m_MissionObjectList   = [
    [
      "Atmosphere",
      "",
      "",
      new Matrix(
          1.000000, 0.000000, 0.000000, 0.000000,
          0.000000, 1.000000, 0.000000, 0.000000,
          0.000000, 0.000000, 1.000000, 0.000000,
          0.000000, 0.000000, 0.000000, 1.000000
        ),
      [
        ["AmbientLight", new Color(0.090000, 0.090000, 0.095000, 1.000000)], // Reduced from 0.117647 for better lighting balance
        ["AntiSunAngle", 10.000000],
        ["AntiSunColor", new Color(0.811765, 0.819608, 0.854902, 1.000000)],
        ["AntiSunIntensity", 0.400000],
        ["EnableHorizontAdjustment", true],
        ["FogColorXPos", new Color(0.976471, 0.988235, 1.000000, 1.000000)],
        ["FogColorXNeg", new Color(0.976471, 0.988235, 1.000000, 1.000000)],
        ["FogColorYPos", new Color(0.976471, 0.988235, 1.000000, 1.000000)],
        ["FogColorYNeg", new Color(0.950,0.970,0.980)],
        ["FogDensity", 0.000600],
        ["FogNear", 10.000000],
        ["FogFar", 800.000000],
        ["FogFarMax", 4000.000000],
        ["FogMode", "Exp"],
        ["ShadowColor", new Color(0.325490, 0.325490, 0.325490, 1.000000)],
        ["SunColor", new Color(0.950000, 0.950000, 0.950000, 1.000000)], // Reduced from pure white
        ["SunDirection", new Vector(0.005952, -0.155542, -0.305348)],
        ["SunIntensity", 0.600000], // Reduced from 1.0 to prevent overexposure
        ["TreeLightKoef", 0.700000],
        ["TreeNormalRelax", 0.000000],
        ["TreeShadowLodDistance", 25.000000],
        ["AntiSunHorAngle", 105.000000]
      ]
    ],

    [
      "Terrain",
      "",
      "",
      new Matrix(
          1.000000, 0.000000, 0.000000, 0.000000,
          0.000000, 1.000000, 0.000000, 0.000000,
          0.000000, 0.000000, 1.000000, 0.000000,
          0.000000, 0.000000, 0.000000, 1.000000
        ),
      [
        ["ForestTextureScale", 0.500000],
        ["ForestShadowBorderScale", 0.150000],//to 0.150000 (from 0.400000)jm
        ["ForestShadowAlphaScale", 0.300000],//to 0.300000 (from 0.500000)jm
        ["ForestBeginFadeDist", [250.000000, 480.000000]],
        ["VertForestDistMin", 800.000000],
        ["VertForestDistMax", 8000.000000],
        ["VertForestAngleMin", 0.000000],
        ["VertForestAngleMax", 45.000000],
        ["VertForestBeginFadeDist", [250.000000, 410.000000]],
        ["TerrainShadowPower", 2.000000],
        ["IsAntiLighting", true],
        ["NormalNoise", 0.300000],
        ["WaterBorderColor", new Color(0.556863, 0.494118, 0.443137, 1.000000)]
      ]
    ],

    [
      "NavPoint_Village_Viso4ani",
      "NavPoint",
      "CZAxisCylNavPoint",
      new Matrix(
          -0.874087, 0.485769, 0.000000, 4842.535156,
          -0.485769, -0.874087, 0.000000, 5122.295410,
          0.000000, 0.000000, 1.000000, 579.412720,
          0.000000, 0.000000, 0.000000, 1.000000
        ),
      [
        ["Range", 1.000000]
      ]
    ],

    [
      "NavPoint_Village_Kurtenki",
      "NavPoint",
      "CZAxisCylNavPoint",
      new Matrix(
          -0.874087, 0.485769, 0.000000, 4869.416992,
          -0.485769, -0.874087, 0.000000, 1363.988037,
          0.000000, 0.000000, 1.000000, 593.178894,
          0.000000, 0.000000, 0.000000, 1.000000
        ),
      [
        ["Range", 1.000000]
      ]
    ],

    [
      "Village_Kurtenki1",
      "ObjectsGroup",
      "CObjectsGroup",
      new Matrix(
          0.494761, -0.869029, 0.000000, 4874.650391,
          0.869029, 0.494761, 0.000000, 1373.050415,
          0.000000, 0.000000, 1.000000, 584.533997,
          0.000000, 0.000000, 0.000000, 1.000000
        ),
      [
        ["Contents", ["Kurtenki1House1Group", "Kurtenki1House2Group", "Kurtenki1House3Group", "Kurtenki1House4Group", "Kurtenki1House5Group", "Kurtenki1House6Group", "Kurtenki1House7Group", "Kurtenki1House8Group", "Kurtenki1Well"]]
      ]
    ],

    [
      "Kurtenki1House1Group",
      "ObjectsGroup",
      "CObjectsGroup",
      new Matrix(
          0.021260, -0.999774, 0.000000, 4837.490234,
          0.999774, 0.021261, 0.000000, 1394.466797,
          0.000000, 0.000000, 1.000000, 580.086609,
          0.000000, 0.000000, 0.000000, 1.000000
        ),
      [
        ["Contents", ["Kurtenki1House1", "Kurtenki1House1_Shed"]]
      ]
    ],

    [
      "Kurtenki1House1",
      "InteriorObject",
      "CUSRHouseWoodUnit",
      new Matrix(
          -0.999833, -0.015071, -0.010379, 4826.123535,
          0.014391, -0.997927, 0.062719, 1393.148682,
          -0.011303, 0.062560, 0.997977, 577.824951,
          0.000000, 0.000000, 0.000000, 1.000000
        ),
      [
        ["SurfaceControl", "PutonGround"]
      ]
    ],

    [
      "Kurtenki1House1_Shed",
      "InteriorObject",
      "CUSRShedWoodUnit",
      new Matrix(
          -0.001054, 0.998251, -0.059112, 4849.291992,
          -0.999924, -0.000327, 0.012300, 1395.022217,
          0.012260, 0.059121, 0.998175, 578.683716,
          0.000000, 0.000000, 0.000000, 1.000000
        ),
      [
        ["SurfaceControl", "PutonGround"]
      ]
    ],

    [
      "Kurtenki1House2Group",
      "ObjectsGroup",
      "CObjectsGroup",
      new Matrix(
          0.999969, 0.007816, 0.000000, 4790.711914,
          -0.007817, 0.999969, 0.000000, 1405.054565,
          0.000000, 0.000000, 1.000000, 578.142273,
          0.000000, 0.000000, 0.000000, 1.000000
        ),
      [
        ["Contents", ["Kurtenki1House2", "Kurtenki1House2_Corral"]]
      ]
    ],

    [
      "Kurtenki1House2",
      "InteriorObject",
      "CUSRHouseWoodUnit",
      new Matrix(
          -0.040897, 0.998231, -0.043150, 4788.333984,
          -0.997407, -0.038228, 0.060970, 1391.866211,
          0.059213, 0.045531, 0.997207, 576.407166,
          0.000000, 0.000000, 0.000000, 1.000000
        ),
      [
        ["SurfaceControl", "PutonGround"]
      ]
    ],

    [
      "Kurtenki1House2_Corral",
      "InteriorObject",
      "CUSRCorralWoodUnit",
      new Matrix(
          -0.997481, -0.067884, -0.020591, 4792.545898,
          0.067005, -0.996920, 0.040740, 1417.196777,
          -0.023293, 0.039258, 0.998958, 575.264648,
          0.000000, 0.000000, 0.000000, 1.000000
        ),
      [
        ["SurfaceControl", "PutonGround"]
      ]
    ],

    [
      "Kurtenki1House3Group",
      "ObjectsGroup",
      "CObjectsGroup",
      new Matrix(
          0.011563, 0.999933, 0.000000, 4878.806641,
          -0.999933, 0.011563, 0.000000, 1326.279053,
          0.000000, 0.000000, 1.000000, 583.695068,
          0.000000, 0.000000, 0.000000, 1.000000
        ),
      [
        ["Contents", ["Kurtenki1House3", "Kurtenki1House3_Corral", "Kurtenki1House3_Shed1"]]
      ]
    ],

    [
      "Kurtenki1House3",
      "InteriorObject",
      "CUSRHouseWoodUnit",
      new Matrix(
          -0.999386, -0.001132, -0.035008, 4872.178711,
          0.000383, -0.999771, 0.021395, 1316.788086,
          -0.035024, 0.021369, 0.999158, 581.660522,
          0.000000, 0.000000, 0.000000, 1.000000
        ),
      [
        ["SurfaceControl", "PutonGround"]
      ]
    ],

    [
      "Kurtenki1House3_Corral",
      "InteriorObject",
      "CUSRCorralWoodUnit",
      new Matrix(
          0.010372, 0.999106, -0.040995, 4875.301758,
          -0.999675, 0.011315, 0.022831, 1336.011353,
          0.023275, 0.040744, 0.998898, 581.321045,
          0.000000, 0.000000, 0.000000, 1.000000
        ),
      [
        ["SurfaceControl", "PutonGround"]
      ]
    ],

    [
      "Kurtenki1House3_Shed1",
      "InteriorObject",
      "CUSRShedWoodUnit",
      new Matrix(
          0.047192, 0.994584, -0.092600, 4886.100098,
          -0.998683, 0.048848, 0.015696, 1322.857178,
          0.020135, 0.091737, 0.995580, 582.209717,
          0.000000, 0.000000, 0.000000, 1.000000
        ),
      [
        ["SurfaceControl", "PutonGround"]
      ]
    ],

    [
      "Kurtenki1House4Group",
      "ObjectsGroup",
      "CObjectsGroup",
      new Matrix(
          -0.994624, -0.103555, 0.000000, 4793.497559,
          0.103555, -0.994624, 0.000000, 1370.525391,
          0.000000, 0.000000, 1.000000, 580.442383,
          0.000000, 0.000000, 0.000000, 1.000000
        ),
      [
        ["Contents", ["Kurtenki1House4", "Kurtenki1House4_Corral"]]
      ]
    ],

    [
      "Kurtenki1House4",
      "InteriorObject",
      "CUSRHouseWoodUnit",
      new Matrix(
          0.035016, -0.999357, -0.007714, 4783.323242,
          0.992599, 0.033879, 0.116618, 1371.575928,
          -0.116282, -0.011740, 0.993147, 578.174011,
          0.000000, 0.000000, 0.000000, 1.000000
        ),
      [
        ["SurfaceControl", "PutonGround"]
      ]
    ],

    [
      "Kurtenki1House4_Corral",
      "InteriorObject",
      "CUSRCorralWoodUnit",
      new Matrix(
          -0.026087, 0.998864, -0.039884, 4803.804688,
          -0.996592, -0.022863, 0.079256, 1369.283691,
          0.078254, 0.041816, 0.996056, 578.741943,
          0.000000, 0.000000, 0.000000, 1.000000
        ),
      [
        ["SurfaceControl", "PutonGround"]
      ]
    ],

    [
      "Kurtenki1House5Group",
      "ObjectsGroup",
      "CObjectsGroup",
      new Matrix(
          0.999657, -0.026195, 0.000000, 4850.412598,
          0.026195, 0.999657, 0.000000, 1313.887939,
          0.000000, 0.000000, 1.000000, 583.065979,
          0.000000, 0.000000, 0.000000, 1.000000
        ),
      [
        ["Contents", ["Kurtenki1House5", "Kurtenki1House5_Shed1"]]
      ]
    ],

    [
      "Kurtenki1House5",
      "InteriorObject",
      "CUSRHouseWoodUnit",
      new Matrix(
          0.999167, -0.019174, -0.036023, 4851.310059,
          0.019887, 0.999611, 0.019535, 1320.700684,
          0.035635, -0.020235, 0.999160, 580.842407,
          0.000000, 0.000000, 0.000000, 1.000000
        ),
      [
        ["SurfaceControl", "PutonGround"]
      ]
    ],

    [
      "Kurtenki1House5_Shed1",
      "InteriorObject",
      "CUSRShedWoodUnit",
      new Matrix(
          -0.999043, 0.023175, -0.037082, 4850.677734,
          -0.023850, -0.999556, 0.017871, 1305.618652,
          -0.036652, 0.018738, 0.999152, 581.076965,
          0.000000, 0.000000, 0.000000, 1.000000
        ),
      [
        ["SurfaceControl", "PutonGround"]
      ]
    ],

    [
      "Kurtenki1House6Group",
      "ObjectsGroup",
      "CObjectsGroup",
      new Matrix(
          -0.999884, -0.015204, 0.000000, 4840.052246,
          0.015204, -0.999884, 0.000000, 1362.813599,
          0.000000, 0.000000, 1.000000, 581.478577,
          0.000000, 0.000000, 0.000000, 1.000000
        ),
      [
        ["Contents", ["Kurtenki1House6", "Kurtenki1House6_Shed"]]
      ]
    ],

    [
      "Kurtenki1House6",
      "InteriorObject",
      "CUSRHouseWoodUnit",
      new Matrix(
          -0.021213, -0.999774, -0.001379, 4833.074219,
          0.997656, -0.021258, 0.065036, 1371.317505,
          -0.065051, 0.000004, 0.997882, 579.248535,
          0.000000, 0.000000, 0.000000, 1.000000
        ),
      [
        ["SurfaceControl", "PutonGround"]
      ]
    ],

    [
      "Kurtenki1House6_Shed",
      "InteriorObject",
      "CUSRShedWoodUnit",
      new Matrix(
          0.002439, 0.999944, -0.010323, 4848.485352,
          -0.999043, 0.002887, 0.043637, 1355.511353,
          0.043664, 0.010206, 0.998994, 580.241577,
          0.000000, 0.000000, 0.000000, 1.000000
        ),
      [
        ["SurfaceControl", "PutonGround"]
      ]
    ],

    [
      "Kurtenki1House7Group",
      "ObjectsGroup",
      "CObjectsGroup",
      new Matrix(
          -0.710108, -0.704093, 0.000000, 4965.321777,
          0.704093, -0.710108, 0.000000, 1347.889893,
          0.000000, 0.000000, 1.000000, 591.224060,
          0.000000, 0.000000, 0.000000, 1.000000
        ),
      [
        ["Contents", ["Kurtenki1House7", "Kurtenki1House7_Shed1"]]
      ]
    ],

    [
      "Kurtenki1House7",
      "InteriorObject",
      "CUSRHouseWoodUnit",
      new Matrix(
          -0.748795, 0.661361, -0.043679, 4972.044434,
          -0.662801, -0.747072, 0.050784, 1348.407104,
          0.000955, 0.066977, 0.997754, 589.308044,
          0.000000, 0.000000, 0.000000, 1.000000
        ),
      [
        ["SurfaceControl", "PutonGround"]
      ]
    ],

    [
      "Kurtenki1House7_Shed1",
      "InteriorObject",
      "CUSRShedWoodUnit",
      new Matrix(
          -0.684181, -0.727599, -0.049961, 4958.738770,
          0.726309, -0.685973, 0.043766, 1346.491821,
          -0.066116, -0.006343, 0.997792, 588.727234,
          0.000000, 0.000000, 0.000000, 1.000000
        ),
      [
        ["SurfaceControl", "PutonGround"]
      ]
    ],

    [
      "Kurtenki1House8Group",
      "ObjectsGroup",
      "CObjectsGroup",
      new Matrix(
          0.999989, 0.004656, 0.000000, 4948.224609,
          -0.004656, 0.999989, 0.000000, 1401.351929,
          0.000000, 0.000000, 1.000000, 583.309570,
          0.000000, 0.000000, 0.000000, 1.000000
        ),
      [
        ["Contents", ["Kurtenki1House8", "Kurtenki1House8_Shed"]]
      ]
    ],

    [
      "Kurtenki1House8",
      "InteriorObject",
      "CUSRHouseWoodUnit",
      new Matrix(
          0.999540, 0.004937, -0.029908, 4938.419434,
          -0.001680, 0.994153, 0.107963, 1405.874512,
          0.030266, -0.107863, 0.993705, 581.141724,
          0.000000, 0.000000, 0.000000, 1.000000
        ),
      [
        ["SurfaceControl", "PutonGround"]
      ]
    ],

    [
      "Kurtenki1House8_Shed",
      "InteriorObject",
      "CUSRShedWoodUnit",
      new Matrix(
          -0.998316, 0.052139, -0.025438, 4956.387695,
          -0.054959, -0.990387, 0.126934, 1395.273193,
          -0.018576, 0.128118, 0.991585, 582.915894,
          0.000000, 0.000000, 0.000000, 1.000000
        ),
      [
        ["SurfaceControl", "PutonGround"]
      ]
    ],

    [
      "Village_Kurtenki1_micro",
      "Locator",
      "CTerrainPatch",
      new Matrix(
          0.011889, -0.999929, 0.000000, 4877.143555,
          0.999929, 0.011889, 0.000000, 1403.616455,
          0.000000, 0.000000, 1.000000, 580.296082,
          0.000000, 0.000000, 0.000000, 1.000000
        ),
      [
        ["Dimensions", new Vector(125.000000, 125.000000, 8.454285)],
        ["TextureName", "Textures/V_Kurtenki1_micro.tex"],
        ["ZoneName", "Textures/V_Kurtenki1_zone.bmp"],
        ["BorderSize", 10.000000]
      ]
    ],

    [
      "NavPointKurt",
      "NavPoint",
      "CZAxisCylNavPoint",
      new Matrix(
          0.011889, -0.999929, 0.000000, 4877.143555,
          0.999929, 0.011889, 0.000000, 1403.616455,
          0.000000, 0.000000, 1.000000, 580.296082,
          0.000000, 0.000000, 0.000000, 1.000000
        ),
      [
        ["Range", 7.000000],
        ["IsVisible", true],
        ["IsMain", true],
        ["Name", "CC1M5Mission_Strings::str_NavPointKurt"]
      ]
    ],

    [
      "Kurtenki1Well",
      "InteriorObject",
      "CWaterWell_1Unit",
      new Matrix(
          0.999996, -0.002951, 0.000000, 4933.720215,
          0.002950, 0.999996, 0.000000, 1375.451050,
          0.000000, 0.000000, 1.000000, 581.840271,
          0.000000, 0.000000, 0.000000, 1.000000
        ),
      [
        ["SurfaceControl", "None"]
      ]
    ],

    [
      "Visochany_Group01_House1",
      "InteriorObject",
      "CUSRHouseWoodUnit",
      new Matrix(
          -0.622712, 0.782392, 0.009638, 4876.144043,
          -0.781909, -0.622692, 0.029545, 4901.777832,
          0.029118, 0.010862, 0.999517, 571.419189,
          0.000000, 0.000000, 0.000000, 1.000000
        ),
      [
        ["SurfaceControl", "PutonGround"],
        ["IsManual", false],
        ["IsPlayer", false]
      ]
    ],

    [
      "Vysochany_HouseGroup01",
      "ObjectsGroup",
      "CObjectsGroup",
      new Matrix(
          -0.615772, 0.787925, 0.000000, 4866.176758,
          -0.787925, -0.615772, 0.000000, 4902.212891,
          0.000000, 0.000000, 1.000000, 573.658936,
          0.000000, 0.000000, 0.000000, 1.000000
        ),
      [
        ["Contents", ["Visochany_Group01_Fence1", "Visochany_Group01_Fence2", "Visochany_Group01_Fence3", "Visochany_Group01_Fence4", "Visochany_Group01_House1"]]
      ]
    ],

    [
      "Visochany_Group01_Fence1",
      "InteriorObject",
      "CFenceWickerUnit",
      new Matrix(
          -0.823161, -0.567808, -0.000193, 4871.303223,
          0.567808, -0.823161, 0.000000, 4910.019531,
          -0.000159, -0.000109, 1.000000, 571.270996,
          0.000000, 0.000000, 0.000000, 1.000000
        ),
      [
        ["SurfaceControl", "PutonGround"],
        ["Length", 6],
        ["IsManual", false],
        ["IsPlayer", false]
      ]
    ],

    [
      "Visochany_Group01_Fence2",
      "InteriorObject",
      "CFencePoleUnit",
      new Matrix(
          -0.576331, 0.817216, -0.000843, 4861.593750,
          -0.817197, -0.576310, 0.007439, 4917.029785,
          0.005593, 0.004977, 0.999972, 571.272644,
          0.000000, 0.000000, 0.000000, 1.000000
        ),
      [
        ["SurfaceControl", "PutonGround"],
        ["Length", 7],
        ["IsManual", false],
        ["IsPlayer", false]
      ]
    ],

    [
      "Visochany_Group01_Fence3",
      "InteriorObject",
      "CFencePoleUnit",
      new Matrix(
          0.852482, 0.522739, -0.004373, 4850.842285,
          -0.522404, 0.852183, 0.029628, 4902.092773,
          0.019214, -0.022973, 0.999551, 571.374451,
          0.000000, 0.000000, 0.000000, 1.000000
        ),
      [
        ["SurfaceControl", "PutonGround"],
        ["Length", 7],
        ["IsManual", false],
        ["IsPlayer", false]
      ]
    ],

    [
      "Visochany_Group01_Fence4",
      "InteriorObject",
      "CFenceWickerUnit",
      new Matrix(
          0.689194, -0.724533, -0.007997, 4866.136230,
          0.724194, 0.688428, 0.040125, 4892.029297,
          -0.023566, -0.033445, 0.999163, 571.737549,
          0.000000, 0.000000, 0.000000, 1.000000
        ),
      [
        ["SurfaceControl", "PutonGround"],
        ["Length", 6],
        ["IsManual", false],
        ["IsPlayer", false]
      ]
    ],

    [
      "Vysochany_HouseGroup02_FenceWicker_1",
      "InteriorObject",
      "CFenceWickerUnit",
      new Matrix(
          -0.842384, -0.536303, -0.052602, 4918.148926,
          0.534113, -0.843901, 0.050533, 4878.741211,
          -0.071492, 0.014472, 0.997336, 573.025085,
          0.000000, 0.000000, 0.000000, 1.000000
        ),
      [
        ["SurfaceControl", "PutonGround"],
        ["Length", 8],
        ["IsManual", false],
        ["IsPlayer", false]
      ]
    ],

    [
      "Vysochany_HouseGroup02_FenceWicker_2",
      "InteriorObject",
      "CFenceWickerUnit",
      new Matrix(
          -0.575076, 0.817551, -0.029964, 4909.118164,
          -0.817217, -0.572369, 0.067457, 4884.412109,
          0.037999, 0.063280, 0.997272, 572.211304,
          0.000000, 0.000000, 0.000000, 1.000000
        ),
      [
        ["SurfaceControl", "PutonGround"],
        ["Length", 9],
        ["IsManual", false],
        ["IsPlayer", false]
      ]
    ],

    [
      "Vysochany_HouseGroup02_FenceWicker_3",
      "InteriorObject",
      "CFenceWickerUnit",
      new Matrix(
          0.789658, 0.613217, -0.020137, 4899.672852,
          -0.611264, 0.789124, 0.060325, 4869.908691,
          0.052883, -0.035327, 0.997976, 572.893982,
          0.000000, 0.000000, 0.000000, 1.000000
        ),
      [
        ["SurfaceControl", "PutonGround"],
        ["Length", 6],
        ["IsManual", false],
        ["IsPlayer", false]
      ]
    ],

    [
      "Vysochany_HouseGroup02_FenceWicker_4",
      "InteriorObject",
      "CFenceWickerUnit",
      new Matrix(
          0.617512, -0.785323, -0.044117, 4919.216797,
          0.786523, 0.615954, 0.044526, 4859.794922,
          -0.007793, -0.062195, 0.998034, 574.038452,
          0.000000, 0.000000, 0.000000, 1.000000
        ),
      [
        ["SurfaceControl", "PutonGround"],
        ["Length", 6],
        ["IsManual", false],
        ["IsPlayer", false]
      ]
    ],

    [
      "Vysochany_HouseGroup02_USRHouseWood_1",
      "InteriorObject",
      "CUSRHouseWoodUnit",
      new Matrix(
          -0.545344, 0.836374, -0.055483, 4924.776367,
          -0.838193, -0.543686, 0.042873, 4872.380859,
          0.005693, 0.069886, 0.997539, 573.725708,
          0.000000, 0.000000, 0.000000, 1.000000
        ),
      [
        ["SurfaceControl", "PutonGround"],
        ["IsManual", false],
        ["IsPlayer", false]
      ]
    ],

    [
      "Vysochany_HouseGroup02",
      "ObjectsGroup",
      "CObjectsGroup",
      new Matrix(
          -0.522917, 0.852384, 0.000000, 4912.499512,
          -0.852384, -0.522917, 0.000000, 4871.679688,
          0.000000, 0.000000, 1.000000, 575.376038,
          0.000000, 0.000000, 0.000000, 1.000000
        ),
      [
        ["Contents", ["Vysochany_HouseGroup02_FenceWicker_1", "Vysochany_HouseGroup02_FenceWicker_2", "Vysochany_HouseGroup02_FenceWicker_3", "Vysochany_HouseGroup02_FenceWicker_4", "Vysochany_HouseGroup02_FenceWicker_5", "Vysochany_HouseGroup02_USRHouseWood_1"]]
      ]
    ],

    [
      "Vysochany_HouseGroup02_FenceWicker_5",
      "InteriorObject",
      "CFenceWickerUnit",
      new Matrix(
          0.788240, 0.614566, -0.031393, 4908.756836,
          -0.612594, 0.788504, 0.054683, 4862.544434,
          0.058360, -0.023872, 0.998010, 573.510681,
          0.000000, 0.000000, 0.000000, 1.000000
        ),
      [
        ["SurfaceControl", "PutonGround"],
        ["Length", 5],
        ["IsManual", false],
        ["IsPlayer", false]
      ]
    ],

    [
      "Vysochany_HouseGroup03_FenceWicker_1",
      "InteriorObject",
      "CFenceWickerUnit",
      new Matrix(
          0.652568, -0.756988, -0.033511, 4911.421875,
          0.757688, 0.651431, 0.039325, 4850.599609,
          -0.007939, -0.051054, 0.998664, 574.142700,
          0.000000, 0.000000, 0.000000, 1.000000
        ),
      [
        ["SurfaceControl", "PutonGround"],
        ["Length", 6],
        ["IsManual", false],
        ["IsPlayer", false]
      ]
    ],

    [
      "Vysochany_HouseGroup03_FenceWicker_3",
      "InteriorObject",
      "CFenceWickerUnit",
      new Matrix(
          -0.603723, 0.796976, -0.018659, 4899.599121,
          -0.796334, -0.601819, 0.060552, 4869.875000,
          0.037029, 0.051416, 0.997991, 572.901489,
          0.000000, 0.000000, 0.000000, 1.000000
        ),
      [
        ["SurfaceControl", "PutonGround"],
        ["Length", 9],
        ["IsManual", false],
        ["IsPlayer", false]
      ]
    ],

    [
      "Vysochany_HouseGroup03_FenceWicker_4",
      "InteriorObject",
      "CFenceWickerUnit",
      new Matrix(
          0.883227, 0.468564, -0.018930, 4889.968262,
          -0.467088, 0.882600, 0.053340, 4854.812012,
          0.041701, -0.038269, 0.998397, 573.631897,
          0.000000, 0.000000, 0.000000, 1.000000
        ),
      [
        ["SurfaceControl", "PutonGround"],
        ["Length", 5],
        ["IsManual", false],
        ["IsPlayer", false]
      ]
    ],

    [
      "Vysochany_HouseGroup03_USRShedWood_1",
      "InteriorObject",
      "CUSRShedWoodUnit",
      new Matrix(
          -0.826761, -0.562492, -0.008313, 4902.466797,
          0.561932, -0.826452, 0.034766, 4849.675293,
          -0.026426, 0.024071, 0.999361, 574.056641,
          0.000000, 0.000000, 0.000000, 1.000000
        ),
      [
        ["SurfaceControl", "PutonGround"],
        ["IsManual", false],
        ["IsPlayer", false]
      ]
    ],

    [
      "Vysochany_HouseGroup03",
      "ObjectsGroup",
      "CObjectsGroup",
      new Matrix(
          -0.716470, -0.697618, 0.000000, 4903.467285,
          0.697618, -0.716470, 0.000000, 4858.118164,
          0.000000, 0.000000, 1.000000, 574.893799,
          0.000000, 0.000000, 0.000000, 1.000000
        ),
      [
        ["Contents", ["Vysochany_HouseGroup03_FenceWicker_1", "Vysochany_HouseGroup03_FenceWicker_3", "Vysochany_HouseGroup03_FenceWicker_4", "Vysochany_HouseGroup03_USRShedWood_1"]]
      ]
    ],

    [
      "Vysochany_HouseGroup04_FenceWicker_1",
      "InteriorObject",
      "CFencePoleUnit",
      new Matrix(
          0.898172, 0.439329, -0.016645, 4880.579102,
          -0.437868, 0.897303, 0.055853, 4869.569336,
          0.039473, -0.042877, 0.998300, 572.650146,
          0.000000, 0.000000, 0.000000, 1.000000
        ),
      [
        ["SurfaceControl", "PutonGround"],
        ["Length", 6],
        ["IsManual", false],
        ["IsPlayer", false]
      ]
    ],

    [
      "Vysochany_HouseGroup04_FenceWicker_2",
      "InteriorObject",
      "CFenceWickerUnit",
      new Matrix(
          -0.883765, -0.467840, -0.009173, 4903.374023,
          0.467147, -0.883250, 0.040531, 4888.518555,
          -0.027063, 0.031535, 0.999136, 571.801147,
          0.000000, 0.000000, 0.000000, 1.000000
        ),
      [
        ["SurfaceControl", "PutonGround"],
        ["Length", 7],
        ["IsManual", false],
        ["IsPlayer", false]
      ]
    ],

    [
      "Vysochany_HouseGroup04_FenceWicker_3",
      "InteriorObject",
      "CFencePoleUnit",
      new Matrix(
          -0.514315, 0.857579, 0.006263, 4891.291016,
          -0.856363, -0.513951, 0.049963, 4895.453125,
          0.046066, 0.020334, 0.998731, 571.413635,
          0.000000, 0.000000, 0.000000, 1.000000
        ),
      [
        ["SurfaceControl", "PutonGround"],
        ["Length", 5],
        ["IsManual", false],
        ["IsPlayer", false]
      ]
    ],

    [
      "Vysochany_HouseGroup04_USRHouseWood_1",
      "InteriorObject",
      "CUSRHouseWoodUnit",
      new Matrix(
          0.501696, -0.864830, -0.019241, 4901.990234,
          0.863995, 0.499869, 0.060356, 4882.546875,
          -0.042580, -0.046905, 0.997991, 572.156860,
          0.000000, 0.000000, 0.000000, 1.000000
        ),
      [
        ["SurfaceControl", "PutonGround"],
        ["IsManual", false],
        ["IsPlayer", false]
      ]
    ],

    [
      "Vysochany_HouseGroup04",
      "ObjectsGroup",
      "CObjectsGroup",
      new Matrix(
          0.676621, -0.736331, 0.000000, 4892.552246,
          0.736331, 0.676621, 0.000000, 4878.476074,
          0.000000, 0.000000, 1.000000, 574.187256,
          0.000000, 0.000000, 0.000000, 1.000000
        ),
      [
        ["Contents", ["Vysochany_HouseGroup04_FenceWicker_1", "Vysochany_HouseGroup04_FenceWicker_2", "Vysochany_HouseGroup04_FenceWicker_3", "Vysochany_HouseGroup04_FenceWicker_4", "Vysochany_HouseGroup04_USRHouseWood_1"]]
      ]
    ],

    [
      "Vysochany_HouseGroup04_FenceWicker_4",
      "InteriorObject",
      "CFencePoleUnit",
      new Matrix(
          -0.306627, 0.951829, -0.001396, 4884.456543,
          -0.950987, -0.306294, 0.042519, 4882.302734,
          0.040043, 0.014365, 0.999095, 572.112244,
          0.000000, 0.000000, 0.000000, 1.000000
        ),
      [
        ["SurfaceControl", "PutonGround"],
        ["Length", 5],
        ["IsManual", false],
        ["IsPlayer", false]
      ]
    ],

    [
      "Vysochany_WaterDown_01",
      "InteriorObject",
      "CWaterWell_1Unit",
      new Matrix(
          0.611010, -0.790302, 0.045717, 4830.425781,
          0.791584, 0.610534, -0.025353, 4940.725098,
          -0.007876, 0.051679, 0.998633, 572.130249,
          0.000000, 0.000000, 0.000000, 1.000000
        ),
      [
        ["SurfaceControl", "PutonGround"],
        ["IsManual", false],
        ["IsPlayer", false],
        ["HitPoints", 100.000000],
        ["Affiliation", "NEUTRAL"],
        ["Route", []],
        ["ShadowPlaneOffset", 0.050000],
        ["FakeShadowOffset", 0.090000]
      ]
    ],

    [
      "Vysochany_WaterHigh_01",
      "InteriorObject",
      "CWaterWell_2Unit",
      new Matrix(
          0.824870, 0.565323, 0.000000, 4829.807129,
          -0.565323, 0.824870, 0.000000, 4940.556152,
          0.000000, 0.000000, 1.000000, 571.992859,
          0.000000, 0.000000, 0.000000, 1.000000
        ),
      [
        ["IsManual", false],
        ["IsPlayer", false]
      ]
    ],

    [
      "Vysochany_HouseGroup05_FenceWicker_1",
      "InteriorObject",
      "CFenceWickerUnit",
      new Matrix(
          -0.774033, -0.631461, -0.046150, 4952.511230,
          0.631570, -0.775192, 0.014033, 4857.591309,
          -0.044636, -0.018285, 0.998836, 575.397827,
          0.000000, 0.000000, 0.000000, 1.000000
        ),
      [
        ["SurfaceControl", "PutonGround"],
        ["Length", 6],
        ["IsManual", false],
        ["IsPlayer", false]
      ]
    ],

    [
      "Vysochany_HouseGroup05_FenceWicker_2",
      "InteriorObject",
      "CFenceWickerUnit",
      new Matrix(
          -0.682070, 0.730596, -0.031773, 4942.923828,
          -0.731225, -0.681931, 0.016723, 4864.635742,
          -0.009449, 0.034640, 0.999355, 574.869446,
          0.000000, 0.000000, 0.000000, 1.000000
        ),
      [
        ["SurfaceControl", "PutonGround"],
        ["Length", 9],
        ["IsManual", false],
        ["IsPlayer", false]
      ]
    ],

    [
      "Vysochany_HouseGroup05_FenceWicker_3",
      "InteriorObject",
      "CFenceWickerUnit",
      new Matrix(
          0.825477, 0.564194, -0.016503, 4930.476563,
          -0.563980, 0.825633, 0.016024, 4851.774902,
          0.022666, -0.003920, 0.999735, 574.689514,
          0.000000, 0.000000, 0.000000, 1.000000
        ),
      [
        ["SurfaceControl", "PutonGround"],
        ["Length", 8],
        ["IsManual", false],
        ["IsPlayer", false]
      ]
    ],

    [
      "Vysochany_HouseGroup05_FenceWicker_4",
      "InteriorObject",
      "CFenceWickerUnit",
      new Matrix(
          0.578336, -0.814994, -0.036209, 4956.555664,
          0.815594, 0.578616, 0.003284, 4833.609375,
          0.018274, -0.031431, 0.999339, 575.591003,
          0.000000, 0.000000, 0.000000, 1.000000
        ),
      [
        ["SurfaceControl", "PutonGround"],
        ["Length", 6],
        ["IsManual", false],
        ["IsPlayer", false]
      ]
    ],

    [
      "Vysochany_HouseGroup05_FenceWicker_5",
      "InteriorObject",
      "CFenceWickerUnit",
      new Matrix(
          0.814624, 0.579065, -0.032737, 4943.487305,
          -0.578955, 0.815244, 0.013713, 4842.837891,
          0.034629, 0.007783, 0.999370, 575.041809,
          0.000000, 0.000000, 0.000000, 1.000000
        ),
      [
        ["SurfaceControl", "PutonGround"],
        ["Length", 8],
        ["IsManual", false],
        ["IsPlayer", false]
      ]
    ],

    [
      "Vysochany_HouseGroup05_USRHouseWood_1",
      "InteriorObject",
      "CUSRHouseWoodUnit",
      new Matrix(
          -0.592315, 0.804870, -0.036704, 4958.902344,
          -0.805476, -0.592621, 0.003073, 4847.896973,
          -0.019278, 0.031384, 0.999321, 575.618042,
          0.000000, 0.000000, 0.000000, 1.000000
        ),
      [
        ["SurfaceControl", "PutonGround"],
        ["IsManual", false],
        ["IsPlayer", false]
      ]
    ],

    [
      "Vysochany_HouseGroup05",
      "ObjectsGroup",
      "CObjectsGroup",
      new Matrix(
          -0.610809, 0.791778, 0.000000, 4949.375000,
          -0.791778, -0.610809, 0.000000, 4849.648438,
          0.000000, 0.000000, 1.000000, 577.504578,
          0.000000, 0.000000, 0.000000, 1.000000
        ),
      [
        ["Contents", ["Vysochany_HouseGroup05_FenceWicker_1", "Vysochany_HouseGroup05_FenceWicker_2", "Vysochany_HouseGroup05_FenceWicker_3", "Vysochany_HouseGroup05_FenceWicker_4", "Vysochany_HouseGroup05_FenceWicker_5", "Vysochany_HouseGroup05_FenceWicker_6", "Vysochany_HouseGroup05_FenceWicker_7", "Vysochany_HouseGroup05_USRHouseWood_1"]]
      ]
    ],

    [
      "Vysochany_HouseGroup05_FenceWicker_6",
      "InteriorObject",
      "CFenceWickerUnit",
      new Matrix(
          -0.808783, -0.586877, -0.038031, 4968.324707,
          0.587566, -0.809121, -0.009429, 4847.587402,
          -0.025238, -0.029971, 0.999232, 575.940918,
          0.000000, 0.000000, 0.000000, 1.000000
        ),
      [
        ["SurfaceControl", "PutonGround"],
        ["Length", 6],
        ["IsManual", false],
        ["IsPlayer", false]
      ]
    ],

    [
      "Vysochany_HouseGroup05_FenceWicker_7",
      "InteriorObject",
      "CFenceWickerUnit",
      new Matrix(
          0.599706, -0.799341, -0.037504, 4963.844238,
          0.800116, 0.599727, 0.011922, 4843.072266,
          0.012963, -0.037157, 0.999225, 575.821167,
          0.000000, 0.000000, 0.000000, 1.000000
        ),
      [
        ["SurfaceControl", "PutonGround"],
        ["Length", 3],
        ["IsManual", false],
        ["IsPlayer", false]
      ]
    ],

    [
      "Vysochany_HouseGroup06_FenceWicker_1",
      "InteriorObject",
      "CFencePoleUnit",
      new Matrix(
          0.746105, 0.665797, 0.006440, 4913.511230,
          -0.665613, 0.745582, 0.032668, 4834.723633,
          0.016949, -0.028660, 0.999445, 574.727600,
          0.000000, 0.000000, 0.000000, 1.000000
        ),
      [
        ["SurfaceControl", "PutonGround"],
        ["Length", 6],
        ["IsManual", false],
        ["IsPlayer", false]
      ]
    ],

    [
      "Vysochany_HouseGroup06_FenceWicker_2",
      "InteriorObject",
      "CFencePoleUnit",
      new Matrix(
          0.571772, -0.820129, -0.021550, 4938.027832,
          0.820408, 0.571660, 0.011681, 4836.542480,
          0.002740, -0.024359, 0.999699, 575.003906,
          0.000000, 0.000000, 0.000000, 1.000000
        ),
      [
        ["SurfaceControl", "PutonGround"],
        ["Length", 3],
        ["IsManual", false],
        ["IsPlayer", false]
      ]
    ],

    [
      "Vysochany_HouseGroup06_FenceWicker_3",
      "InteriorObject",
      "CFenceWickerUnit",
      new Matrix(
          -0.707041, 0.706767, -0.023941, 4930.323242,
          -0.707153, -0.706866, 0.016565, 4851.673340,
          -0.005216, 0.028642, 0.999576, 574.695007,
          0.000000, 0.000000, 0.000000, 1.000000
        ),
      [
        ["SurfaceControl", "PutonGround"],
        ["Length", 5],
        ["IsManual", false],
        ["IsPlayer", false]
      ]
    ],

    [
      "Vysochany_HouseGroup06_FenceWicker_4",
      "InteriorObject",
      "CFenceWickerUnit",
      new Matrix(
          -0.711017, 0.703023, -0.014622, 4921.916016,
          -0.703130, -0.710581, 0.026132, 4843.267578,
          0.007981, 0.028861, 0.999552, 574.626465,
          0.000000, 0.000000, 0.000000, 1.000000
        ),
      [
        ["SurfaceControl", "PutonGround"],
        ["Length", 6],
        ["IsManual", false],
        ["IsPlayer", false]
      ]
    ],

    [
      "Vysochany_HouseGroup06_USRHouseWood_1",
      "InteriorObject",
      "CUSRHouseWoodUnit",
      new Matrix(
          -0.777750, -0.628540, -0.006507, 4921.618164,
          0.628290, -0.777669, 0.021967, 4834.874023,
          -0.018868, 0.012997, 0.999738, 574.756409,
          0.000000, 0.000000, 0.000000, 1.000000
        ),
      [
        ["SurfaceControl", "PutonGround"],
        ["IsManual", false],
        ["IsPlayer", false]
      ]
    ],

    [
      "Vysochany_HouseGroup06",
      "ObjectsGroup",
      "CObjectsGroup",
      new Matrix(
          0.849932, -0.526892, 0.000000, 4928.441406,
          0.526892, 0.849932, 0.000000, 4838.206543,
          0.000000, 0.000000, 1.000000, 576.995667,
          0.000000, 0.000000, 0.000000, 1.000000
        ),
      [
        ["Contents", ["Vysochany_HouseGroup06_FenceWicker_1", "Vysochany_HouseGroup06_FenceWicker_2", "Vysochany_HouseGroup06_FenceWicker_3", "Vysochany_HouseGroup06_FenceWicker_4", "Vysochany_HouseGroup06_FenceWicker_5", "Vysochany_HouseGroup06_USRHouseWood_1"]]
      ]
    ],

    [
      "Vysochany_HouseGroup06_FenceWicker_5",
      "InteriorObject",
      "CFencePoleUnit",
      new Matrix(
          0.752393, -0.658698, -0.004627, 4925.280762,
          0.658653, 0.752208, 0.018980, 4824.012207,
          -0.009022, -0.017328, 0.999809, 574.997864,
          0.000000, 0.000000, 0.000000, 1.000000
        ),
      [
        ["SurfaceControl", "PutonGround"],
        ["Length", 3],
        ["IsManual", false],
        ["IsPlayer", false]
      ]
    ],

    [
      "Vysochany_HouseGroup07_FenceWicker_1",
      "InteriorObject",
      "CFenceWickerUnit",
      new Matrix(
          -0.745068, 0.666973, 0.004550, 4913.502441,
          -0.666393, -0.744672, 0.037201, 4834.884277,
          0.028201, 0.024685, 0.999297, 574.724304,
          0.000000, 0.000000, 0.000000, 1.000000
        ),
      [
        ["SurfaceControl", "PutonGround"],
        ["Length", 6],
        ["IsManual", false],
        ["IsPlayer", false]
      ]
    ],

    [
      "Vysochany_HouseGroup07_FenceWicker_3",
      "InteriorObject",
      "CFenceWickerUnit",
      new Matrix(
          0.784556, 0.619586, 0.024174, 4901.526855,
          -0.620034, 0.783588, 0.039339, 4814.158691,
          0.005431, -0.045852, 0.998933, 575.515381,
          0.000000, 0.000000, 0.000000, 1.000000
        ),
      [
        ["SurfaceControl", "PutonGround"],
        ["Length", 7],
        ["IsManual", false],
        ["IsPlayer", false]
      ]
    ],

    [
      "Vysochany_HouseGroup07_FenceWicker_4",
      "InteriorObject",
      "CFencePoleUnit",
      new Matrix(
          0.694025, -0.719935, 0.004782, 4922.853027,
          0.719524, 0.693827, 0.029819, 4800.310547,
          -0.024786, -0.017254, 0.999544, 575.631958,
          0.000000, 0.000000, 0.000000, 1.000000
        ),
      [
        ["SurfaceControl", "PutonGround"],
        ["Length", 3],
        ["IsManual", false],
        ["IsPlayer", false]
      ]
    ],

    [
      "Vysochany_HouseGroup07_FenceWicker_5",
      "InteriorObject",
      "CFenceWickerUnit",
      new Matrix(
          0.907006, 0.420802, 0.016287, 4911.945801,
          -0.421113, 0.906147, 0.039509, 4805.451660,
          0.001867, -0.042693, 0.999086, 575.608887,
          0.000000, 0.000000, 0.000000, 1.000000
        ),
      [
        ["SurfaceControl", "PutonGround"],
        ["Length", 6],
        ["IsManual", false],
        ["IsPlayer", false]
      ]
    ],

    [
      "Vysochany_HouseGroup07_FenceWicker_6",
      "InteriorObject",
      "CFencePoleUnit",
      new Matrix(
          -0.760274, -0.649301, -0.019800, 4935.313965,
          0.648741, -0.760482, 0.028337, 4814.733398,
          -0.033457, 0.008699, 0.999402, 575.393005,
          0.000000, 0.000000, 0.000000, 1.000000
        ),
      [
        ["SurfaceControl", "PutonGround"],
        ["Length", 4],
        ["IsManual", false],
        ["IsPlayer", false]
      ]
    ],

    [
      "Vysochany_HouseGroup07_FenceWicker_7",
      "InteriorObject",
      "CFenceWickerUnit",
      new Matrix(
          0.634476, -0.772815, -0.014055, 4931.403320,
          0.772932, 0.634263, 0.016926, 4809.909668,
