//-------------------------------------------------------------------
//                                                                   
//  This code is copyright 2001 by G5 Software.                      
//  Any unauthorized usage, either in part or in whole of this code  
//  is strictly prohibited. Violators WILL be prosecuted to the      
//  maximum extent allowed by law.                                   
//   Redux A&S Check                                                                
//-------------------------------------------------------------------
//                                                                   
//  Automatically-generated mission script file                      
//  DO NOT EDIT!                                                     
//                                                                   
//-------------------------------------------------------------------


class C2M1Content
{
  static String m_ObjectListClassFile = "Missions/Campaign_2/Mission_1/Content.script";
  static String m_ObjectListClassName = "C2M1Content";

  static Array  m_MissionObjectList   = [
    [
      "Atmosphere",
      "",
      "",
      new Matrix(
          1.000000, 0.000000, 0.000000, 0.000000,
          0.000000, 1.000000, 0.000000, 0.000000,
          0.000000, 0.000000, 1.000000, 0.000000,
          0.000000, 0.000000, 0.000000, 1.000000
        ),
      [
        ["AmbientLight", new Color(0.117647, 0.117647, 0.125490, 1.000000)],
        ["AntiSunAngle", 10.000000],
        ["AntiSunColor", new Color(0.811765, 0.819608, 0.854902, 1.000000)],
        ["AntiSunIntensity", 0.400000],
        ["EnableHorizontAdjustment", true],
        ["FogColorXPos", new Color(0.976471, 0.988235, 1.000000, 1.000000)],
        ["FogColorXNeg", new Color(0.976471, 0.988235, 1.000000, 1.000000)],
        ["FogColorYPos", new Color(0.976471, 0.988235, 1.000000, 1.000000)],
        ["FogColorYNeg", new Color(0.976471, 0.988235, 1.000000, 1.000000)],
        ["FogDensity", 0.000500],
        ["FogNear", 10.000000],
        ["FogFar", 800.000000],
        ["FogFarMax", 3500.000000],
        ["FogMode", "Exp"],
        ["ShadowColor", new Color(0.325490, 0.325490, 0.325490, 1.000000)],
		["ShadowFar", 1100.000000],
        ["SunColor", new Color(1.000000, 1.000000, 1.000000, 1.000000)],
        ["SunDirection", new Vector(-0.005952, -0.155542, -0.305348)],
        ["SunIntensity", 1.000000],
        ["TreeLightKoef", 0.400000],
        ["TreeNormalRelax", 0.000000],
        ["TreeShadowLodDistance", 25.000000],
        ["AntiSunHorAngle", 105.000000]
      ]
    ],

    [
      "Terrain",
      "",
      "",
      new Matrix(
          1.000000, 0.000000, 0.000000, 0.000000,
          0.000000, 1.000000, 0.000000, 0.000000,
          0.000000, 0.000000, 1.000000, 0.000000,
          0.000000, 0.000000, 0.000000, 1.000000
        ),
      [
        ["ForestTextureScale", 0.500000],
        ["ForestShadowBorderScale", 0.400000],
        ["ForestShadowAlphaScale", 0.500000],
        ["ForestBeginFadeDist", [250.000000, 480.000000]],       
        ["VertForestDistMin", 800.000000],
        ["VertForestDistMax", 8000.000000],
        ["VertForestAngleMin", 0.000000],
        ["VertForestAngleMax", 45.000000],
        ["VertForestBeginFadeDist", [250.000000, 410.000000]],
        ["TerrainShadowPower", 1.000000],
        ["IsAntiLighting", true],
        ["NormalNoise", 0.300000],
        ["WaterBorderColor", new Color(0.556863, 0.521569, 0.443137, 1.000000)],
        ["WaterFresnelPower", 2.000000]        
      ]
    ],

    [
      "Village_Viso4ani_USRCorralWood_1",
      "InteriorObject",
      "CUSRCorralWoodUnit",
      new Matrix(
          0.460278, -0.887775, 0.000000, 4847.371094,
          0.887775, 0.460278, 0.000000, 6800.296875,
          0.000000, 0.000000, 1.000000, 578.172729,
          0.000000, 0.000000, 0.000000, 1.000000
        ),
      [
        ["SurfaceControl", "None"]
      ]
    ],

    [
      "Village_Viso4ani_USRHouseWood_1",
      "InteriorObject",
      "CUSRHouseWoodUnit",
      new Matrix(
          0.870679, -0.491852, 0.000000, 4869.204590,
          0.491852, 0.870679, 0.000000, 6721.376465,
          0.000000, 0.000000, 1.000000, 583.981750,
          0.000000, 0.000000, 0.000000, 1.000000
        ),
      [
        ["SurfaceControl", "None"]
      ]
    ],

    [
      "Village_Viso4ani_USRShedWood_1",
      "InteriorObject",
      "CUSRShedWoodUnit",
      new Matrix(
          0.460278, -0.887775, 0.000000, 4832.204590,
          0.887775, 0.460278, 0.000000, 6787.263184,
          0.000000, 0.000000, 1.000000, 579.669067,
          0.000000, 0.000000, 0.000000, 1.000000
        ),
      [
        ["SurfaceControl", "None"]
      ]
    ],

    [
      "NavPoint_Village_Viso4ani",
      "NavPoint",
      "CZAxisCylNavPoint",
      new Matrix(
          -0.874087, 0.485769, 0.000000, 4846.942871,
          -0.485769, -0.874087, 0.000000, 6752.286133,
          0.000000, 0.000000, 1.000000, 582.567749,
          0.000000, 0.000000, 0.000000, 1.000000
        ),
      [
        ["Range", 1.000000]
      ]
    ],

    [
      "Village_Kurtenki1",
      "ObjectsGroup",
      "CObjectsGroup",
      new Matrix(
          0.494761, -0.869029, 0.000000, 0.000000,
          0.869029, 0.494761, 0.000000, 0.000000,
          0.000000, 0.000000, 1.000000, 0.000000,
          0.000000, 0.000000, 0.000000, 1.000000
        ),
      [
        ["Contents", ["Kurtenki1House1Group", "Kurtenki1House2Group", "Kurtenki1House3Group", "Kurtenki1House4Group", "Kurtenki1House5Group", "Kurtenki1House6Group", "Kurtenki1House7Group", "Kurtenki1House8Group"]]
      ]
    ],

    [
      "Gr_BColumn",
      "UnitGroup",
      "CBaseUnitGroup",
      new Matrix(
          0.517375, 0.855648, -0.013734, 4834.600586,
          -0.855747, 0.517217, -0.013552, 4548.212891,
          -0.004492, 0.018765, 0.999814, 627.297485,
          0.000000, 0.000000, 0.000000, 1.000000
        ),
      [
        ["Units", ["B_1", "B_2", "StuG_1"]],
        ["Path", ["NP_b1", "NP_b2", "NP_b3", "NP_b4", "NP_b5", "NP_b6", "NP_b7", "NP_b8", "NP_b9", "NP_b10"]],
        ["DelayedOrder", false],
        ["Formation", "Column"],
        ["FormationDistance", 20],
        ["MovingSpeed", 6.800000],
        ["FirstOrder", "Patrol"],
        ["CyclePath", false]
      ]
    ],

    [
      "Village_Kurtenki1_micro",
      "Locator",
      "CTerrainPatch",
      new Matrix(
          0.011889, -0.999929, 0.000000, 4879.965820,
          0.999929, 0.011889, 0.000000, 3277.748291,
          0.000000, 0.000000, 1.000000, 575.740845,
          0.000000, 0.000000, 0.000000, 1.000000
        ),
      [
        ["Dimensions", new Vector(125.000000, 125.000000, 6.171021)],
        ["TextureName", "Textures/V_Kurtenki1_micro.tex"],
        ["ZoneName", "Textures/V_Kurtenki1_zone.bmp"],
        ["BorderSize", 20.000000]
      ]
    ],

    [
      "Kurtenki1House1",
      "InteriorObject",
      "CUSRHouseWoodUnit",
      new Matrix(
          -0.025591, -0.999672, -0.000009, 4829.892090,
          0.999672, -0.025591, 0.000000, 3267.315918,
          0.000000, -0.000009, 1.000000, 577.345703,
          0.000000, 0.000000, 0.000000, 1.000000
        ),
      [
        ["SurfaceControl", "PutonGround"]
      ]
    ],

    [
      "Kurtenki1House2",
      "InteriorObject",
      "CUSRHouseWoodUnit",
      new Matrix(
          -0.034969, 0.999388, -0.000012, 4791.379883,
          -0.999388, -0.034969, 0.000000, 3265.983643,
          0.000000, 0.000012, 1.000000, 577.346741,
          0.000000, 0.000000, 0.000000, 1.000000
        ),
      [
        ["SurfaceControl", "PutonGround"]
      ]
    ],

    [
      "Kurtenki1House3",
      "InteriorObject",
      "CUSRHouseWoodUnit",
      new Matrix(
          -0.999960, 0.008904, -0.000008, 4874.985840,
          -0.008904, -0.999960, 0.000000, 3190.914063,
          -0.000008, 0.000000, 1.000000, 577.345825,
          0.000000, 0.000000, 0.000000, 1.000000
        ),
      [
        ["SurfaceControl", "PutonGround"]
      ]
    ],

    [
      "Kurtenki1House4",
      "InteriorObject",
      "CUSRHouseWoodUnit",
      new Matrix(
          0.026885, -0.999638, -0.000005, 4786.136230,
          0.999638, 0.026885, 0.000000, 3245.704590,
          0.000000, -0.000005, 1.000000, 577.348572,
          0.000000, 0.000000, 0.000000, 1.000000
        ),
      [
        ["SurfaceControl", "PutonGround"]
      ]
    ],

    [
      "Kurtenki1House5",
      "InteriorObject",
      "CUSRHouseWoodUnit",
      new Matrix(
          0.999657, -0.026195, -0.000006, 4854.135254,
          0.026195, 0.999657, 0.000000, 3194.836670,
          0.000006, 0.000000, 1.000000, 577.348572,
          0.000000, 0.000000, 0.000000, 1.000000
        ),
      [
        ["SurfaceControl", "PutonGround"]
      ]
    ],

    [
      "Kurtenki1House6",
      "InteriorObject",
      "CUSRHouseWoodUnit",
      new Matrix(
          -0.024019, -0.999711, -0.000010, 4835.909180,
          0.999711, -0.024019, 0.000000, 3245.454834,
          0.000000, -0.000010, 1.000000, 577.354431,
          0.000000, 0.000000, 0.000000, 1.000000
        ),
      [
        ["SurfaceControl", "PutonGround"]
      ]
    ],

    [
      "Kurtenki1Well",
      "InteriorObject",
      "CWaterWell_1Unit",
      new Matrix(
          -0.045095, -0.998646, -0.025942, 4936.261719,
          0.998965, -0.045232, 0.004730, 3249.487793,
          -0.005897, -0.025702, 0.999652, 578.418945,
          0.000000, 0.000000, 0.000000, 1.000000
        ),
      [
        ["SurfaceControl", "None"]
      ]
    ],

    [
      "Kurtenki1House1_fence_03",
      "InteriorObject",
      "CFenceWickerUnit",
      new Matrix(
          0.028546, -0.999592, -0.000587, 4856.512695,
          0.999592, 0.028546, 0.000000, 3263.733398,
          0.000017, -0.000587, 1.000000, 577.407166,
          0.000000, 0.000000, 0.000000, 1.000000
        ),
      [
        ["Length", 6]
      ]
    ],

    [
      "Kurtenki1House1_fence_06",
      "InteriorObject",
      "CFenceWickerUnit",
      new Matrix(
          -0.999664, -0.025901, -0.000032, 4857.481934,
          0.025901, -0.999664, 0.000000, 3303.429199,
          -0.000032, -0.000001, 1.000000, 577.409302,
          0.000000, 0.000000, 0.000000, 1.000000
        ),
      [
        ["Length", 8]
      ]
    ],

    [
      "Kurtenki1House1_fence_02",
      "InteriorObject",
      "CFenceWickerUnit",
      new Matrix(
          0.999782, 0.020866, -0.000018, 4842.559570,
          -0.020866, 0.999782, 0.000000, 3264.084717,
          0.000018, 0.000000, 1.000000, 577.412292,
          0.000000, 0.000000, 0.000000, 1.000000
        ),
      [
        ["Length", 7]
      ]
    ],

    [
      "Kurtenki1House1_fence_08",
      "InteriorObject",
      "CFenceWickerUnit",
      new Matrix(
          0.001337, 0.999999, -0.000420, 4823.926270,
          -0.999999, 0.001337, 0.000000, 3301.414307,
          0.000001, 0.000420, 1.000000, 577.404907,
          0.000000, 0.000000, 0.000000, 1.000000
        ),
      [
        ["Length", 9]
      ]
    ],

    [
      "Kurtenki1House6_fence_10",
      "InteriorObject",
      "CFenceWickerUnit",
      new Matrix(
          0.005244, -0.999986, -0.000773, 4857.098145,
          0.999986, 0.005244, 0.000000, 3199.199219,
          0.000004, -0.000772, 1.000000, 577.408203,
          0.000000, 0.000000, 0.000000, 1.000000
        ),
      [
        ["Length", 8]
      ]
    ],

    [
      "Kurtenki1House6_fence_03",
      "InteriorObject",
      "CFenceWickerUnit",
      new Matrix(
          -0.006256, 0.999980, -0.000169, 4815.520020,
          -0.999980, -0.006256, 0.000000, 3248.141357,
          -0.000001, 0.000169, 1.000000, 577.407227,
          0.000000, 0.000000, 0.000000, 1.000000
        ),
      [
        ["Length", 9]
      ]
    ],

    [
      "Kurtenki1House6_fence_13",
      "InteriorObject",
      "CFenceWickerUnit",
      new Matrix(
          -0.999653, -0.026340, -0.000007, 4857.399414,
          0.026340, -0.999653, 0.000000, 3247.057861,
          -0.000007, 0.000000, 1.000000, 577.405579,
          0.000000, 0.000000, 0.000000, 1.000000
        ),
      [
        ["Length", 5]
      ]
    ],

    [
      "Kurtenki1House6_fence_01",
      "InteriorObject",
      "CFenceWickerUnit",
      new Matrix(
          -0.999917, -0.012881, -0.000014, 4831.530273,
          0.012881, -0.999917, 0.000000, 3247.876465,
          -0.000014, 0.000000, 1.000000, 577.410522,
          0.000000, 0.000000, 0.000000, 1.000000
        ),
      [
        ["Length", 9]
      ]
    ],

    [
      "Kurtenki1House6_Shed",
      "InteriorObject",
      "CUSRShedWoodUnit",
      new Matrix(
          0.030103, 0.999547, -0.000006, 4851.468262,
          -0.999547, 0.030103, 0.000000, 3229.522949,
          0.000000, 0.000006, 1.000000, 577.338623,
          0.000000, 0.000000, 0.000000, 1.000000
        ),
      [
        ["SurfaceControl", "PutonGround"]
      ]
    ],

    [
      "Kurtenki1House3_Corral",
      "InteriorObject",
      "CUSRCorralWoodUnit",
      new Matrix(
          0.006169, 0.999981, -0.000010, 4878.187012,
          -0.999981, 0.006169, 0.000000, 3210.137939,
          0.000000, 0.000010, 1.000000, 577.365234,
          0.000000, 0.000000, 0.000000, 1.000000
        ),
      [
        ["SurfaceControl", "PutonGround"]
      ]
    ],

    [
      "Kurtenki1House3_fences_FenceWicker_11",
      "InteriorObject",
      "CFenceWickerUnit",
      new Matrix(
          0.013110, 0.999914, 0.000000, 4872.847168,
          -0.999914, 0.013110, 0.000000, 3218.458496,
          0.000000, 0.000000, 1.000000, 577.403992,
          0.000000, 0.000000, 0.000000, 1.000000
        ),
      [
        ["Length", 8]
      ]
    ],

    [
      "Kurtenki1House3_fences_FenceWicker_02",
      "InteriorObject",
      "CFenceWickerUnit",
      new Matrix(
          0.999952, 0.009773, 0.000000, 4872.221680,
          -0.009773, 0.999952, 0.000000, 3176.648193,
          0.000000, 0.000000, 1.000000, 577.406982,
          0.000000, 0.000000, 0.000000, 1.000000
        ),
      [
        ["Length", 7]
      ]
    ],

    [
      "Kurtenki1House3_fences_FenceWicker_01",
      "InteriorObject",
      "CFenceWickerUnit",
      new Matrix(
          0.019511, 0.999809, -0.000906, 4872.090820,
          -0.999810, 0.019511, 0.000000, 3186.603516,
          0.000018, 0.000906, 1.000000, 577.408264,
          0.000000, 0.000000, 0.000000, 1.000000
        ),
      [
        ["Length", 5]
      ]
    ],

    [
      "Kurtenki1House2_fence_03",
      "InteriorObject",
      "CFenceWickerUnit",
      new Matrix(
          -0.999932, -0.011690, -0.000012, 4823.903320,
          0.011690, -0.999932, 0.000000, 3297.819336,
          -0.000012, 0.000000, 1.000000, 577.412964,
          0.000000, 0.000000, 0.000000, 1.000000
        ),
      [
        ["Length", 5]
      ]
    ],

    [
      "Kurtenki1House2_fence_01",
      "InteriorObject",
      "CFenceWickerUnit",
      new Matrix(
          0.999984, 0.005726, -0.000004, 4795.644531,
          -0.005726, 0.999984, 0.000000, 3265.603760,
          0.000004, 0.000000, 1.000000, 577.410034,
          0.000000, 0.000000, 0.000000, 1.000000
        ),
      [
        ["Length", 8]
      ]
    ],

    [
      "Kurtenki1House2_fence_06",
      "InteriorObject",
      "CFenceWickerUnit",
      new Matrix(
          -0.012422, 0.999922, -0.001055, 4779.830078,
          -0.999923, -0.012422, 0.000000, 3297.673340,
          -0.000013, 0.001055, 0.999999, 577.405029,
          0.000000, 0.000000, 0.000000, 1.000000
        ),
      [
        ["Length", 9]
      ]
    ],

    [
      "Kurtenki1House2_fence_04",
      "InteriorObject",
      "CFenceWickerUnit",
      new Matrix(
          -0.999902, 0.013988, -0.000018, 4809.756836,
          -0.013988, -0.999902, 0.000000, 3298.035400,
          -0.000018, 0.000000, 1.000000, 577.406860,
          0.000000, 0.000000, 0.000000, 1.000000
        ),
      [
        ["Length", 8]
      ]
    ],

    [
      "Kurtenki1House5_fence_04",
      "InteriorObject",
      "CFenceWickerUnit",
      new Matrix(
          -0.009294, -0.999957, -0.000687, 4858.817383,
          0.999957, -0.009294, 0.000000, 3174.028564,
          -0.000006, -0.000687, 1.000000, 577.403992,
          0.000000, 0.000000, 0.000000, 1.000000
        ),
      [
        ["Length", 7]
      ]
    ],

    [
      "Kurtenki1House5_fence_01",
      "InteriorObject",
      "CFenceWickerUnit",
      new Matrix(
          0.999035, 0.043919, -0.000014, 4814.979004,
          -0.043920, 0.999035, 0.000000, 3176.001465,
          0.000014, 0.000001, 1.000000, 577.404785,
          0.000000, 0.000000, 0.000000, 1.000000
        ),
      [
        ["Length", 8]
      ]
    ],

    [
      "Kurtenki1House6_fence_07",
      "InteriorObject",
      "CFenceWickerUnit",
      new Matrix(
          0.999656, 0.026206, -0.000009, 4815.187012,
          -0.026206, 0.999656, 0.000000, 3204.340088,
          0.000009, 0.000000, 1.000000, 577.406006,
          0.000000, 0.000000, 0.000000, 1.000000
        ),
      [
        ["Length", 7]
      ]
    ],

    [
      "Kurtenki1House1_Shed",
      "InteriorObject",
      "CUSRShedWoodUnit",
      new Matrix(
          -0.028643, 0.999590, -0.000008, 4850.064941,
          -0.999590, -0.028643, 0.000000, 3269.276855,
          0.000000, 0.000008, 1.000000, 577.331482,
          0.000000, 0.000000, 0.000000, 1.000000
        ),
      [
        ["SurfaceControl", "PutonGround"]
      ]
    ],

    [
      "Kurtenki1House4_fence_04",
      "InteriorObject",
      "CFenceWickerUnit",
      new Matrix(
          0.999983, -0.005890, -0.000003, 4776.039063,
          0.005890, 0.999983, 0.000000, 3212.698242,
          0.000003, 0.000000, 1.000000, 577.405579,
          0.000000, 0.000000, 0.000000, 1.000000
        ),
      [
        ["Length", 7]
      ]
    ],

    [
      "Kurtenki1House4_fence_01",
      "InteriorObject",
      "CFenceWickerUnit",
      new Matrix(
          -0.999864, -0.016471, -0.000004, 4781.890137,
          0.016471, -0.999864, 0.000000, 3248.459717,
          -0.000004, 0.000000, 1.000000, 577.410645,
          0.000000, 0.000000, 0.000000, 1.000000
        ),
      [
        ["Length", 3]
      ]
    ],

    [
      "Kurtenki1House4_fence_02",
      "InteriorObject",
      "CFenceWickerUnit",
      new Matrix(
          0.004677, 0.999989, -0.000695, 4775.935059,
          -0.999989, 0.004677, 0.000000, 3248.631348,
          0.000003, 0.000695, 1.000000, 577.407471,
          0.000000, 0.000000, 0.000000, 1.000000
        ),
      [
        ["Length", 9]
      ]
    ],

    [
      "Kurtenki1House7",
      "InteriorObject",
      "CUSRHouseWoodUnit",
      new Matrix(
          -0.751192, 0.660084, -0.000010, 4974.819824,
          -0.660084, -0.751192, 0.000000, 3222.542725,
          -0.000007, 0.000006, 1.000000, 578.817261,
          0.000000, 0.000000, 0.000000, 1.000000
        ),
      [
        ["SurfaceControl", "PutonGround"]
      ]
    ],

    [
      "Kurtenki1House1Group",
      "ObjectsGroup",
      "CObjectsGroup",
      new Matrix(
          0.021260, -0.999774, 0.000000, 0.000000,
          0.999774, 0.021261, 0.000000, 0.000000,
          0.000000, 0.000000, 1.000000, 0.000000,
          0.000000, 0.000000, 0.000000, 1.000000
        ),
      [
        ["Contents", []]
      ]
    ],

    [
      "Kurtenki1House2Group",
      "ObjectsGroup",
      "CObjectsGroup",
      new Matrix(
          0.999969, 0.007816, 0.000000, 0.000000,
          -0.007817, 0.999969, 0.000000, 0.000000,
          0.000000, 0.000000, 1.000000, 0.000000,
          0.000000, 0.000000, 0.000000, 1.000000
        ),
      [
        ["Contents", []]
      ]
    ],

    [
      "Kurtenki1House3Group",
      "ObjectsGroup",
      "CObjectsGroup",
      new Matrix(
          0.011563, 0.999933, 0.000000, 0.000000,
          -0.999933, 0.011563, 0.000000, 0.000000,
          0.000000, 0.000000, 1.000000, 0.000000,
          0.000000, 0.000000, 0.000000, 1.000000
        ),
      [
        ["Contents", []]
      ]
    ],

    [
      "Kurtenki1House4Group",
      "ObjectsGroup",
      "CObjectsGroup",
      new Matrix(
          -0.994624, -0.103555, 0.000000, 0.000000,
          0.103555, -0.994624, 0.000000, 0.000000,
          0.000000, 0.000000, 1.000000, 0.000000,
          0.000000, 0.000000, 0.000000, 1.000000
        ),
      [
        ["Contents", []]
      ]
    ],

    [
      "Kurtenki1House5Group",
      "ObjectsGroup",
      "CObjectsGroup",
      new Matrix(
          0.999657, -0.026195, 0.000000, 0.000000,
          0.026195, 0.999657, 0.000000, 0.000000,
          0.000000, 0.000000, 1.000000, 0.000000,
          0.000000, 0.000000, 0.000000, 1.000000
        ),
      [
        ["Contents", []]
      ]
    ],

    [
      "Kurtenki1House6Group",
      "ObjectsGroup",
      "CObjectsGroup",
      new Matrix(
          -0.999884, -0.015204, 0.000000, 0.000000,
          0.015204, -0.999884, 0.000000, 0.000000,
          0.000000, 0.000000, 1.000000, 0.000000,
          0.000000, 0.000000, 0.000000, 1.000000
        ),
      [
        ["Contents", []]
      ]
    ],

    [
      "Kurtenki1House7Group",
      "ObjectsGroup",
      "CObjectsGroup",
      new Matrix(
          -0.710108, -0.704093, 0.000000, 0.000000,
          0.704093, -0.710108, 0.000000, 0.000000,
          0.000000, 0.000000, 1.000000, 0.000000,
          0.000000, 0.000000, 0.000000, 1.000000
        ),
      [
        ["Contents", []]
      ]
    ],

    [
      "Kurtenki1House5_Shed1",
      "InteriorObject",
      "CUSRShedWoodUnit",
      new Matrix(
          -0.999782, 0.020862, -0.000002, 4852.111328,
          -0.020862, -0.999782, 0.000000, 3179.722412,
          -0.000002, 0.000000, 1.000000, 577.332031,
          0.000000, 0.000000, 0.000000, 1.000000
        ),
      [
        ["SurfaceControl", "PutonGround"]
      ]
    ],

    [
      "Kurtenki1House7_Shed1",
      "InteriorObject",
      "CUSRShedWoodUnit",
      new Matrix(
          -0.690596, -0.723241, -0.000009, 4961.758789,
          0.723241, -0.690596, 0.000000, 3220.545654,
          -0.000006, -0.000006, 1.000000, 578.817383,
          0.000000, 0.000000, 0.000000, 1.000000
        ),
      [
        ["SurfaceControl", "PutonGround"]
      ]
    ],

    [
      "Kurtenki1House4_Corral",
      "InteriorObject",
      "CUSRCorralWoodUnit",
      new Matrix(
          -0.019992, 0.999800, -0.000008, 4806.617676,
          -0.999800, -0.019992, 0.000000, 3243.412354,
          0.000000, 0.000008, 1.000000, 577.365234,
          0.000000, 0.000000, 0.000000, 1.000000
        ),
      [
        ["SurfaceControl", "PutonGround"]
      ]
    ],

    [
      "Kurtenki1House3_Shed1",
      "InteriorObject",
      "CUSRShedWoodUnit",
      new Matrix(
          0.005085, 0.999987, -0.000001, 4888.907227,
          -0.999987, 0.005085, 0.000000, 3196.983154,
          0.000000, 0.000001, 1.000000, 577.339661,
          0.000000, 0.000000, 0.000000, 1.000000
        ),
      [
        ["SurfaceControl", "PutonGround"]
      ]
    ],

    [
      "Kurtenki1House8_fences_FenceWicker_12",
      "InteriorObject",
      "CFenceWickerUnit",
      new Matrix(
          0.024906, -0.999690, -0.000250, 4944.472656,
          0.999690, 0.024906, 0.000000, 3264.708984,
          0.000006, -0.000250, 1.000000, 578.526245,
          0.000000, 0.000000, 0.000000, 1.000000
        ),
      [
        ["Length", 3]
      ]
    ],

    [
      "Kurtenki1House8_fences",
      "ObjectsGroup",
      "CObjectsGroup",
      new Matrix(
          0.999989, 0.004657, 0.000000, 4946.471191,
          -0.004657, 0.999989, 0.000000, 3283.570313,
          0.000000, 0.000000, 1.000000, 580.891968,
          0.000000, 0.000000, 0.000000, 1.000000
        ),
      [
        ["Contents", []]
      ]
    ],

    [
      "Kurtenki1House8",
      "InteriorObject",
      "CUSRHouseWoodUnit",
      new Matrix(
          1.000000, -0.000532, -0.000005, 4941.233398,
          0.000532, 1.000000, 0.000000, 3280.001709,
          0.000005, 0.000000, 1.000000, 578.469116,
          0.000000, 0.000000, 0.000000, 1.000000
        ),
      [
        ["SurfaceControl", "PutonGround"]
      ]
    ],

    [
      "Kurtenki1House8Group",
      "ObjectsGroup",
      "CObjectsGroup",
      new Matrix(
          0.999989, 0.004656, 0.000000, 0.469169,
          -0.004656, 0.999989, 0.000000, 0.469278,
          0.000000, 0.000000, 1.000000, 0.000000,
          0.000000, 0.000000, 0.000000, 1.000000
        ),
      [
        ["Contents", ["Kurtenki1House8_fences"]]
      ]
    ],

    [
      "Kurtenki1House8_fences_FenceWicker_09",
      "InteriorObject",
      "CFenceWickerUnit",
      new Matrix(
          0.002737, 0.999996, -0.000458, 4932.790527,
          -0.999996, 0.002737, 0.000000, 3305.608398,
          0.000001, 0.000458, 1.000000, 578.524963,
          0.000000, 0.000000, 0.000000, 1.000000
        ),
      [
        ["Length", 7]
      ]
    ],

    [
      "Kurtenki1House8_Shed",
      "InteriorObject",
      "CUSRShedWoodUnit",
      new Matrix(
          -0.999783, -0.020825, -0.000002, 4959.173340,
          0.020825, -0.999783, 0.000000, 3268.877197,
          -0.000002, 0.000000, 1.000000, 578.443481,
          0.000000, 0.000000, 0.000000, 1.000000
        ),
      [
        ["SurfaceControl", "PutonGround"]
      ]
    ],

    [
      "Kurtenki1House1_fence_01",
      "InteriorObject",
      "CFenceWickerUnit",
      new Matrix(
          0.999909, -0.013520, -0.000034, 4833.131348,
          0.013520, 0.999909, 0.000000, 3263.885010,
          0.000034, 0.000000, 1.000000, 577.408508,
          0.000000, 0.000000, 0.000000, 1.000000
        ),
      [
        ["Length", 3]
      ]
    ],

    [
      "Kurtenki1House2_Corral",
      "InteriorObject",
      "CUSRCorralWoodUnit",
      new Matrix(
          -0.998465, -0.055377, -0.000002, 4795.353027,
          0.055377, -0.998465, 0.000000, 3291.319824,
          -0.000002, 0.000000, 1.000000, 577.359497,
          0.000000, 0.000000, 0.000000, 1.000000
        ),
      [
        ["SurfaceControl", "PutonGround"]
      ]
    ],

    [
      "Village_Kurtenki_2",
      "ObjectsGroup",
      "CObjectsGroup",
      new Matrix(
          0.460278, -0.887775, 0.000000, 0.000000,
          0.887775, 0.460278, 0.000000, 0.000000,
          0.000000, 0.000000, 1.000000, 0.000000,
          0.000000, 0.000000, 0.000000, 1.000000
        ),
      [
        ["Contents", ["House1Group", "House2Group", "House3Group", "House4Group", "House5Group", "House6Group", "House7Group", "House8Group"]]
      ]
    ],

    [
      "Village_Kurtenki_2_micro",
      "Locator",
      "CTerrainPatch",
      new Matrix(
          -0.009267, -0.999957, 0.000000, 4467.520508,
          0.999957, -0.009267, 0.000000, 2969.407471,
          0.000000, 0.000000, 1.000000, 572.699646,
          0.000000, 0.000000, 0.000000, 1.000000
        ),
      [
        ["Dimensions", new Vector(125.000000, 125.000000, 9.335876)],
        ["TextureName", "Textures/V_Kurtenki2_micro.tex"],
        ["ZoneName", "Textures/V_Kurtenki2_zone.bmp"],
        ["BorderSize", 20.000000]
      ]
    ],

    [
      "House1",
      "InteriorObject",
      "CUSRHouseWoodUnit",
      new Matrix(
          0.018134, 0.999826, -0.004403, 4533.432129,
          -0.999835, 0.018135, 0.000269, 3005.194580,
          0.000349, 0.004397, 0.999990, 574.988586,
          0.000000, 0.000000, 0.000000, 1.000000
        ),
      [
        ["SurfaceControl", "PutonGround"]
      ]
    ],

    [
      "House2",
      "InteriorObject",
      "CUSRHouseWoodUnit",
      new Matrix(
          -0.022176, 0.999675, 0.012570, 4471.790039,
          -0.999462, -0.022472, 0.023906, 3003.151611,
          0.024180, -0.012033, 0.999635, 572.565796,
          0.000000, 0.000000, 0.000000, 1.000000
        ),
      [
        ["SurfaceControl", "PutonGround"]
      ]
    ],

    [
      "House3",
      "InteriorObject",
      "CUSRHouseWoodUnit",
      new Matrix(
          0.999301, 0.037382, -0.000234, 4441.093262,
          -0.037381, 0.999299, 0.001905, 2947.824951,
          0.000305, -0.001895, 0.999998, 574.996643,
          0.000000, 0.000000, 0.000000, 1.000000
        ),
      [
        ["SurfaceControl", "PutonGround"]
      ]
    ],

    [
      "House4",
      "InteriorObject",
      "CUSRHouseWoodUnit",
      new Matrix(
          -0.999994, -0.003229, 0.001000, 4463.008789,
          0.003230, -0.999994, 0.000889, 2891.612793,
          0.000997, 0.000892, 0.999999, 573.733398,
          0.000000, 0.000000, 0.000000, 1.000000
        ),
      [
        ["SurfaceControl", "PutonGround"]
      ]
    ],

    [
      "House5",
      "InteriorObject",
      "CUSRHouseWoodUnit",
      new Matrix(
          0.999906, 0.011597, 0.007318, 4441.541016,
          -0.011548, 0.999911, -0.006696, 2909.590332,
          -0.007395, 0.006611, 0.999951, 574.947876,
          0.000000, 0.000000, 0.000000, 1.000000
        ),
      [
        ["SurfaceControl", "PutonGround"]
      ]
    ],

    [
      "House6",
      "InteriorObject",
      "CUSRHouseWoodUnit",
      new Matrix(
          0.010955, -0.999903, -0.008646, 4526.062012,
          0.999915, 0.011016, -0.007005, 2978.720703,
          0.007099, -0.008568, 0.999938, 573.329590,
          0.000000, 0.000000, 0.000000, 1.000000
        ),
      [
        ["SurfaceControl", "PutonGround"]
      ]
    ],

    [
      "Well",
      "InteriorObject",
      "CWaterWell_1Unit",
      new Matrix(
          -0.999868, 0.016228, 0.000000, 4486.896484,
          -0.016228, -0.999868, 0.000000, 2981.913330,
          0.000000, 0.000000, 1.000000, 574.934448,
          0.000000, 0.000000, 0.000000, 1.000000
        ),
      [
        ["SurfaceControl", "None"]
      ]
    ],

    [
      "House1_fences",
      "ObjectsGroup",
      "CObjectsGroup",
      new Matrix(
          0.010743, 0.999942, 0.000000, 4527.639160,
          -0.999942, 0.010743, 0.000000, 3020.055908,
          0.000000, 0.000000, 1.000000, 573.781738,
          0.000000, 0.000000, 0.000000, 1.000000
        ),
      [
        ["Contents", []]
      ]
    ],

    [
      "House6_fences",
      "ObjectsGroup",
      "CObjectsGroup",
      new Matrix(
          0.032087, 0.999485, 0.000000, 4527.293945,
          -0.999485, 0.032087, 0.000000, 2954.352539,
          0.000000, 0.000000, 1.000000, 572.832336,
          0.000000, 0.000000, 0.000000, 1.000000
        ),
      [
        ["Contents", []]
      ]
    ],

    [
      "House6_Shed",
      "InteriorObject",
      "CUSRShedWoodUnit",
      new Matrix(
          0.032049, 0.999472, 0.005391, 4541.654785,
          -0.999461, 0.032086, -0.006967, 2964.887451,
          -0.007136, -0.005165, 0.999961, 573.540405,
          0.000000, 0.000000, 0.000000, 1.000000
        ),
      [
        ["SurfaceControl", "PutonGround"]
      ]
    ],

    [
      "House3_Corral",
      "InteriorObject",
      "CUSRCorralWoodUnit",
      new Matrix(
          -0.999869, -0.014189, 0.007785, 4439.089355,
          0.014131, -0.999872, -0.007483, 2928.680664,
          0.007890, -0.007372, 0.999942, 575.223816,
          0.000000, 0.000000, 0.000000, 1.000000
        ),
      [
        ["SurfaceControl", "PutonGround"]
      ]
    ],

    [
      "House3_fences",
      "ObjectsGroup",
      "CObjectsGroup",
      new Matrix(
          -0.022340, 0.999750, 0.000000, 4417.653320,
          -0.999750, -0.022340, 0.000000, 2945.951660,
          0.000000, 0.000000, 1.000000, 576.053406,
          0.000000, 0.000000, 0.000000, 1.000000
        ),
      [
        ["Contents", []]
      ]
    ],

    [
      "_Shed",
      "InteriorObject",
      "CUSRShedWoodUnit",
      new Matrix(
          0.030007, -0.999548, 0.001864, 4439.233887,
          0.999549, 0.030009, 0.001123, 3003.908691,
          -0.001179, 0.001830, 0.999998, 574.693726,
          0.000000, 0.000000, 0.000000, 1.000000
        ),
      [
        ["SurfaceControl", "PutonGround"],
        ["HitPoints", 100.000000],
        ["Affiliation", "NEUTRAL"],
        ["Route", []],
        ["ShadowPlaneOffset", 0.050000]
      ]
    ],

    [
      "House2_fences",
      "ObjectsGroup",
      "CObjectsGroup",
      new Matrix(
          0.010743, 0.999942, 0.000000, 4480.777832,
          -0.999942, 0.010743, 0.000000, 3013.583008,
          0.000000, 0.000000, 1.000000, 573.640442,
          0.000000, 0.000000, 0.000000, 1.000000
        ),
      [
        ["Contents", []]
      ]
    ],

    [
      "House5_fences",
      "ObjectsGroup",
      "CObjectsGroup",
      new Matrix(
          -0.022340, 0.999750, 0.000000, 4423.343750,
          -0.999750, -0.022340, 0.000000, 2908.482422,
          0.000000, 0.000000, 1.000000, 576.841003,
          0.000000, 0.000000, 0.000000, 1.000000
        ),
      [
        ["Contents", []]
      ]
    ],

    [
      "House1_Shed",
      "InteriorObject",
      "CUSRShedWoodUnit",
      new Matrix(
          -0.999824, 0.005707, -0.017852, 4510.452148,
          -0.006002, -0.999845, 0.016542, 3004.421631,
          -0.017755, 0.016646, 0.999704, 573.195496,
          0.000000, 0.000000, 0.000000, 1.000000
        ),
      [
        ["SurfaceControl", "PutonGround"]
      ]
    ],

    [
      "House4_fences",
      "ObjectsGroup",
      "CObjectsGroup",
      new Matrix(
          0.004712, 0.999989, 0.000000, 4481.717773,
          -0.999989, 0.004712, 0.000000, 2896.301758,
          0.000000, 0.000000, 1.000000, 573.579956,
          0.000000, 0.000000, 0.000000, 1.000000
        ),
      [
        ["Contents", []]
      ]
    ],

    [
      "House7",
      "InteriorObject",
      "CUSRHouseWoodUnit",
      new Matrix(
          -0.999874, 0.007525, 0.013963, 4436.673828,
          -0.007697, -0.999895, -0.012289, 2866.156982,
          0.013869, -0.012395, 0.999827, 575.467041,
          0.000000, 0.000000, 0.000000, 1.000000
        ),
      [
        ["SurfaceControl", "PutonGround"]
      ]
    ],

    [
      "House7_fences",
      "ObjectsGroup",
      "CObjectsGroup",
      new Matrix(
          -0.022339, 0.999750, 0.000000, 4422.016113,
          -0.999750, -0.022339, 0.000000, 2874.447510,
          0.000000, 0.000000, 1.000000, 576.753113,
          0.000000, 0.000000, 0.000000, 1.000000
        ),
      [
        ["Contents", []]
      ]
    ],

    [
      "House1Group",
      "ObjectsGroup",
      "CObjectsGroup",
      new Matrix(
          -0.017991, -0.999838, 0.000000, 0.000000,
          0.999838, -0.017991, 0.000000, 0.000110,
          0.000000, 0.000000, 1.000000, 0.000000,
          0.000000, 0.000000, 0.000000, 1.000000
        ),
      [
        ["Contents", ["House1_fences"]]
      ]
    ],

    [
      "House2Group",
      "ObjectsGroup",
      "CObjectsGroup",
      new Matrix(
          0.999992, -0.003965, 0.000000, 0.000000,
          0.003965, 0.999992, 0.000000, 0.000110,
          0.000000, 0.000000, 1.000000, 0.000000,
          0.000000, 0.000000, 0.000000, 1.000000
        ),
      [
        ["Contents", ["House2_fences"]]
      ]
    ],

    [
      "House3Group",
      "ObjectsGroup",
      "CObjectsGroup",
      new Matrix(
          -0.009267, -0.999957, 0.000000, 0.000000,
          0.999957, -0.009267, 0.000000, 0.000110,
          0.000000, 0.000000, 1.000000, 0.000000,
          0.000000, 0.000000, 0.000000, 1.000000
        ),
      [
        ["Contents", ["House3_fences"]]
      ]
    ],

    [
      "House4Group",
      "ObjectsGroup",
      "CObjectsGroup",
      new Matrix(
          -0.055871, 0.998438, 0.000000, 0.000000,
          -0.998438, -0.055871, 0.000000, 0.000110,
          0.000000, 0.000000, 1.000000, 0.000000,
          0.000000, 0.000000, 0.000000, 1.000000
        ),
      [
        ["Contents", ["House4_fences"]]
      ]
    ],

    [
      "House5Group",
      "ObjectsGroup",
      "CObjectsGroup",
      new Matrix(
          0.999933, 0.011597, 0.000000, 0.000000,
          -0.011597, 0.999933, 0.000000, 0.000110,
          0.000000, 0.000000, 1.000000, 0.000000,
          0.000000, 0.000000, 0.000000, 1.000000
        ),
      [
        ["Contents", ["House5_fences"]]
      ]
    ],

    [
      "House6Group",
      "ObjectsGroup",
      "CObjectsGroup",
      new Matrix(
          -0.999711, 0.024047, 0.000000, 0.000000,
          -0.024047, -0.999711, 0.000000, 0.000110,
          0.000000, 0.000000, 1.000000, 0.000000,
          0.000000, 0.000000, 0.000000, 1.000000
        ),
      [
        ["Contents", ["House6_fences"]]
      ]
    ],

    [
      "House7Group",
      "ObjectsGroup",
      "CObjectsGroup",
      new Matrix(
          -0.025391, -0.999678, 0.000000, 0.000000,
          0.999678, -0.025391, 0.000000, 0.469183,
          0.000000, 0.000000, 1.000000, 0.000000,
          0.000000, 0.000000, 0.000000, 1.000000
        ),
      [
        ["Contents", ["House7_fences"]]
      ]
    ],

    [
      "House5_Shed1",
      "InteriorObject",
      "CUSRShedWoodUnit",
      new Matrix(
          -0.999856, -0.016958, -0.000004, 4438.853516,
          0.016958, -0.999856, 0.000000, 2894.519287,
          -0.000004, 0.000000, 1.000000, 574.980103,
          0.000000, 0.000000, 0.000000, 1.000000
        ),
      [
        ["SurfaceControl", "PutonGround"]
      ]
    ],

    [
      "House7_Shed1",
      "InteriorObject",
      "CUSRShedWoodUnit",
      new Matrix(
          0.003051, -0.999995, -0.000006, 4425.773926,
          0.999995, 0.003051, 0.000000, 2872.864502,
          0.000000, -0.000006, 1.000000, 576.030029,
          0.000000, 0.000000, 0.000000, 1.000000
        ),
      [
        ["SurfaceControl", "PutonGround"]
      ]
    ],

    [
      "House4_Corral",
      "InteriorObject",
      "CUSRCorralWoodUnit",
      new Matrix(
          0.999608, -0.028007, 0.000302, 4464.260254,
          0.028007, 0.999608, 0.000306, 2912.156250,
          -0.000311, -0.000298, 1.000000, 573.861389,
          0.000000, 0.000000, 0.000000, 1.000000
        ),
      [
        ["SurfaceControl", "PutonGround"]
      ]
    ],

    [
      "House3_Shed1",
      "InteriorObject",
      "CUSRShedWoodUnit",
      new Matrix(
          0.016723, -0.999753, -0.014642, 4423.628906,
          0.999858, 0.016747, -0.001549, 2928.010742,
          0.001794, -0.014614, 0.999892, 575.297607,
