//-------------------------------------------------------------------
//                                                                   
//  This code is copyright 2001 by G5 Software.                      
//  Any unauthorized usage, either in part or in whole of this code  
//  is strictly prohibited. Violators WILL be prosecuted to the      
//  maximum extent allowed by law.                                   
//       Redux A&S Check (This file need major restructring)                                                            
//-------------------------------------------------------------------
//                                                                   
//  Automatically-generated mission script file                      
//  DO NOT EDIT!                                                     
//                                                                   
//-------------------------------------------------------------------


class CC1M5Content
{
  static String m_ObjectListClassFile = "Missions/Campaign_1/Mission_5/Content.script";
  static String m_ObjectListClassName = "CC1M5Content";

  static Array  m_MissionObjectList   = [
    [
      "Atmosphere",
      "",
      "",
      new Matrix(
          1.000000, 0.000000, 0.000000, 0.000000,
          0.000000, 1.000000, 0.000000, 0.000000,
          0.000000, 0.000000, 1.000000, 0.000000,
          0.000000, 0.000000, 0.000000, 1.000000
        ),
      [
        ["AmbientLight", new Color(0.152941, 0.152941, 0.180392, 1.000000)],  
		["AntiSunAngle", 30.000000],
        ["AntiSunColor", new Color(0.576471, 0.592157, 0.666667, 1.000000)],
        ["AntiSunIntensity", 0.500000],  
	    ["EnableHorizontAdjustment", true],
        ["FogColorXPos", new Color(0.627451, 0.627451, 0.627451, 1.000000)],
        ["FogColorXNeg", new Color(0.627451, 0.627451, 0.627451, 1.000000)],
        ["FogColorYPos", new Color(0.627451, 0.627451, 0.627451, 1.000000)],
        ["FogColorYNeg", new Color(0.627451, 0.627451, 0.627451, 1.000000)],
		["FogDensity", 0.001000],
        ["FogNear", 10.000000],
        ["FogFar", 500.000000],
        ["FogFarMax", 4000.000000],
       	["FogMode", "Exp"],
        ["ShadowColor", new Color(0.847059, 0.847059, 0.847059, 1.000000)], 
        ["SunColor", new Color(0.682353, 0.682353, 0.682353, 1.000000)],
        ["SunDirection", new Vector(-0.105195, -0.105554, -0.355535)],
        ["SunIntensity", 0.500000],                  
        ["TreeLightKoef", 0.000000],
        ["TreeNormalRelax", 0.000000],
        ["TreeShadowLodDistance", 25.000000],  //Redux added as missing
        ["AntiSunHorAngle", 105.000000],
        ["StencilShadowColor", new Color(0.874510, 0.874510, 0.874510, 1.000000)]        
      ]
    ],

    [
      "Terrain",
      "",
      "",
      new Matrix(
          1.000000, 0.000000, 0.000000, 0.000000,
          0.000000, 1.000000, 0.000000, 0.000000,
          0.000000, 0.000000, 1.000000, 0.000000,
          0.000000, 0.000000, 0.000000, 1.000000
        ),
      [
        ["ForestTextureScale", 0.500000],
        ["ForestShadowBorderScale", 0.400000],
        ["ForestShadowAlphaScale", 0.500000],
        ["ForestBeginFadeDist", [250.000000, 480.000000]],
        ["VertForestDistMin", 800.000000],
        ["VertForestDistMax", 8000.000000],
        ["VertForestAngleMin", 0.000000],
        ["VertForestAngleMax", 45.000000],
        ["VertForestBeginFadeDist", [250.000000, 410.000000]],
        ["TerrainShadowPower", 3.500000],
        ["IsAntiLighting", true],
        ["NormalNoise", 0.250000],
        ["WaterBorderColor", new Color(0.556863, 0.494118, 0.443137, 1.000000)]
      ]
    ],

    [
      "NavPoint_Village_Viso4ani",
      "NavPoint",
      "CZAxisCylNavPoint",
      new Matrix(
          -0.874087, 0.485769, 0.000000, 4849.737305,
          -0.485769, -0.874087, 0.000000, 5051.378906,
          0.000000, 0.000000, 1.000000, 561.856018,
          0.000000, 0.000000, 0.000000, 1.000000
        ),
      [
        ["Range", 1.000000]
      ]
    ],

    [
      "NavPoint_Village_Kurtenki",
      "NavPoint",
      "CZAxisCylNavPoint",
      new Matrix(
          -0.874087, 0.485769, 0.000000, 4869.416992,
          -0.485769, -0.874087, 0.000000, 1363.988037,
          0.000000, 0.000000, 1.000000, 593.178894,
          0.000000, 0.000000, 0.000000, 1.000000
        ),
      [
        ["Range", 1.000000]
      ]
    ],

    [
      "Village_Kurtenki1",
      "ObjectsGroup",
      "CObjectsGroup",
      new Matrix(
          0.494761, -0.869029, 0.000000, 4874.657715,
          0.869029, 0.494761, 0.000000, 1373.017456,
          0.000000, 0.000000, 1.000000, 584.534302,
          0.000000, 0.000000, 0.000000, 1.000000
        ),
      [
        ["Contents", ["Kurtenki1House1Group", "Kurtenki1House2Group", "Kurtenki1House3Group", "Kurtenki1House4Group", "Kurtenki1House5Group", "Kurtenki1House6Group", "Kurtenki1House7Group", "Kurtenki1House8Group", "Kurtenki1Well"]]
      ]
    ],

    [
      "Kurtenki1House1Group",
      "ObjectsGroup",
      "CObjectsGroup",
      new Matrix(
          0.021260, -0.999774, 0.000000, 4837.483398,
          0.999774, 0.021261, 0.000000, 1394.465454,
          0.000000, 0.000000, 1.000000, 580.086853,
          0.000000, 0.000000, 0.000000, 1.000000
        ),
      [
        ["Contents", ["Kurtenki1House1", "Kurtenki1House1_Shed"]]
      ]
    ],

    [
      "Kurtenki1House1",
      "InteriorObject",
      "CUSRHouseWoodUnit",
      new Matrix(
          -0.999779, -0.018269, -0.010425, 4826.123535,
          0.017580, -0.997876, 0.062725, 1393.148682,
          -0.011549, 0.062528, 0.997976, 577.825195,
          0.000000, 0.000000, 0.000000, 1.000000
        ),
      [
        ["SurfaceControl", "PutonGround"]
      ]
    ],

    [
      "Kurtenki1House1_Shed",
      "InteriorObject",
      "CUSRShedWoodUnit",
      new Matrix(
          -0.005744, 0.998237, -0.059068, 4849.291992,
          -0.999911, -0.005023, 0.012338, 1395.022217,
          0.012020, 0.059134, 0.998178, 578.683594,
          0.000000, 0.000000, 0.000000, 1.000000
        ),
      [
        ["SurfaceControl", "PutonGround"]
      ]
    ],

    [
      "Kurtenki1House2Group",
      "ObjectsGroup",
      "CObjectsGroup",
      new Matrix(
          0.999969, 0.007816, 0.000000, 4790.698242,
          -0.007817, 0.999969, 0.000000, 1405.044434,
          0.000000, 0.000000, 1.000000, 578.142700,
          0.000000, 0.000000, 0.000000, 1.000000
        ),
      [
        ["Contents", ["Kurtenki1House2", "Kurtenki1House2_Corral"]]
      ]
    ],

    [
      "Kurtenki1House2",
      "InteriorObject",
      "CUSRHouseWoodUnit",
      new Matrix(
          -0.036494, 0.998405, -0.043085, 4788.333984,
          -0.997562, -0.033829, 0.061040, 1391.866211,
          0.059485, 0.045208, 0.997205, 576.407410,
          0.000000, 0.000000, 0.000000, 1.000000
        ),
      [
        ["SurfaceControl", "PutonGround"]
      ]
    ],

    [
      "Kurtenki1House2_Corral",
      "InteriorObject",
      "CUSRCorralWoodUnit",
      new Matrix(
          -0.998117, -0.057778, -0.020604, 4792.545898,
          0.056905, -0.997549, 0.040703, 1417.196777,
          -0.022905, 0.039454, 0.998959, 575.265015,
          0.000000, 0.000000, 0.000000, 1.000000
        ),
      [
        ["SurfaceControl", "PutonGround"]
      ]
    ],

    [
      "Kurtenki1House3Group",
      "ObjectsGroup",
      "CObjectsGroup",
      new Matrix(
          0.011563, 0.999933, 0.000000, 4880.007324,
          -0.999933, 0.011563, 0.000000, 1328.930298,
          0.000000, 0.000000, 1.000000, 583.294250,
          0.000000, 0.000000, 0.000000, 1.000000
        ),
      [
        ["Contents", ["Kurtenki1House3_Corral", "Kurtenki1House3_Shed1"]]
      ]
    ],

    [
      "Kurtenki1House3_Corral",
      "InteriorObject",
      "CUSRCorralWoodUnit",
      new Matrix(
          0.001364, 0.999155, -0.041070, 4875.301758,
          -0.999738, 0.002301, 0.022767, 1336.011353,
          0.022842, 0.041029, 0.998897, 581.321045,
          0.000000, 0.000000, 0.000000, 1.000000
        ),
      [
        ["SurfaceControl", "PutonGround"]
      ]
    ],

    [
      "Kurtenki1House3_Shed1",
      "InteriorObject",
      "CUSRShedWoodUnit",
      new Matrix(
          -0.003320, 0.995783, -0.091682, 4886.100098,
          -0.999880, -0.001917, 0.015387, 1322.857178,
          0.015146, 0.091722, 0.995669, 582.211426,
          0.000000, 0.000000, 0.000000, 1.000000
        ),
      [
        ["SurfaceControl", "PutonGround"]
      ]
    ],

    [
      "Kurtenki1House4Group",
      "ObjectsGroup",
      "CObjectsGroup",
      new Matrix(
          -0.994624, -0.103555, 0.000000, 4793.487793,
          0.103555, -0.994624, 0.000000, 1370.526367,
          0.000000, 0.000000, 1.000000, 580.443787,
          0.000000, 0.000000, 0.000000, 1.000000
        ),
      [
        ["Contents", ["Kurtenki1House4", "Kurtenki1House4_Corral"]]
      ]
    ],

    [
      "Kurtenki1House4",
      "InteriorObject",
      "CUSRHouseWoodUnit",
      new Matrix(
          0.028577, -0.999561, -0.007753, 4783.323242,
          0.992796, 0.027479, 0.116623, 1371.575928,
          -0.116359, -0.011029, 0.993146, 578.173828,
          0.000000, 0.000000, 0.000000, 1.000000
        ),
      [
        ["SurfaceControl", "PutonGround"]
      ]
    ],

    [
      "Kurtenki1House4_Corral",
      "InteriorObject",
      "CUSRCorralWoodUnit",
      new Matrix(
          -0.025554, 0.998877, -0.039888, 4803.804688,
          -0.996603, -0.022330, 0.079270, 1369.283691,
          0.078290, 0.041779, 0.996055, 578.741882,
          0.000000, 0.000000, 0.000000, 1.000000
        ),
      [
        ["SurfaceControl", "PutonGround"]
      ]
    ],

    [
      "Kurtenki1House5Group",
      "ObjectsGroup",
      "CObjectsGroup",
      new Matrix(
          0.999657, -0.026195, 0.000000, 4850.411621,
          0.026195, 0.999657, 0.000000, 1313.885620,
          0.000000, 0.000000, 1.000000, 583.065735,
          0.000000, 0.000000, 0.000000, 1.000000
        ),
      [
        ["Contents", ["Kurtenki1House5", "Kurtenki1House5_Shed1"]]
      ]
    ],

    [
      "Kurtenki1House5",
      "InteriorObject",
      "CUSRHouseWoodUnit",
      new Matrix(
          0.998582, -0.039133, -0.036097, 4851.310059,
          0.039853, 0.999016, 0.019457, 1320.700684,
          0.035300, -0.020868, 0.999159, 580.842468,
          0.000000, 0.000000, 0.000000, 1.000000
        ),
      [
        ["SurfaceControl", "PutonGround"]
      ]
    ],

    [
      "Kurtenki1House5_Shed1",
      "InteriorObject",
      "CUSRShedWoodUnit",
      new Matrix(
          -0.998739, 0.033812, -0.037107, 4850.677734,
          -0.034491, -0.999246, 0.017817, 1305.618652,
          -0.036476, 0.019074, 0.999152, 581.076721,
          0.000000, 0.000000, 0.000000, 1.000000
        ),
      [
        ["SurfaceControl", "PutonGround"]
      ]
    ],

    [
      "Kurtenki1House6Group",
      "ObjectsGroup",
      "CObjectsGroup",
      new Matrix(
          -0.999884, -0.015204, 0.000000, 4840.047852,
          0.015204, -0.999884, 0.000000, 1362.816162,
          0.000000, 0.000000, 1.000000, 581.478638,
          0.000000, 0.000000, 0.000000, 1.000000
        ),
      [
        ["Contents", ["Kurtenki1House6", "Kurtenki1House6_Shed"]]
      ]
    ],

    [
      "Kurtenki1House6",
      "InteriorObject",
      "CUSRHouseWoodUnit",
      new Matrix(
          -0.020763, -0.999783, -0.001369, 4833.074219,
          0.997666, -0.020808, 0.065030, 1371.317505,
          -0.065044, -0.000015, 0.997882, 579.248596,
          0.000000, 0.000000, 0.000000, 1.000000
        ),
      [
        ["SurfaceControl", "PutonGround"]
      ]
    ],

    [
      "Kurtenki1House6_Shed",
      "InteriorObject",
      "CUSRShedWoodUnit",
      new Matrix(
          0.000475, 0.999947, -0.010295, 4848.485352,
          -0.999046, 0.000924, 0.043656, 1355.511353,
          0.043663, 0.010264, 0.998994, 580.241638,
          0.000000, 0.000000, 0.000000, 1.000000
        ),
      [
        ["SurfaceControl", "PutonGround"]
      ]
    ],

    [
      "Kurtenki1House7Group",
      "ObjectsGroup",
      "CObjectsGroup",
      new Matrix(
          -0.710108, -0.704093, 0.000000, 4965.337402,
          0.704093, -0.710108, 0.000000, 1347.892578,
          0.000000, 0.000000, 1.000000, 591.224060,
          0.000000, 0.000000, 0.000000, 1.000000
        ),
      [
        ["Contents", ["Kurtenki1House7", "Kurtenki1House7_Shed1"]]
      ]
    ],

    [
      "Kurtenki1House7",
      "InteriorObject",
      "CUSRHouseWoodUnit",
      new Matrix(
          -0.750530, 0.659390, -0.043699, 4972.044434,
          -0.660836, -0.748810, 0.050787, 1348.407104,
          0.000766, 0.066995, 0.997753, 589.308167,
          0.000000, 0.000000, 0.000000, 1.000000
        ),
      [
        ["SurfaceControl", "PutonGround"]
      ]
    ],

    [
      "Kurtenki1House7_Shed1",
      "InteriorObject",
      "CUSRShedWoodUnit",
      new Matrix(
          -0.686461, -0.725448, -0.049965, 4958.738770,
          0.724150, -0.688250, 0.043806, 1346.491821,
          -0.066168, -0.006111, 0.997790, 588.727234,
          0.000000, 0.000000, 0.000000, 1.000000
        ),
      [
        ["SurfaceControl", "PutonGround"]
      ]
    ],

    [
      "Kurtenki1House8Group",
      "ObjectsGroup",
      "CObjectsGroup",
      new Matrix(
          0.999989, 0.004656, 0.000000, 4948.214844,
          -0.004656, 0.999989, 0.000000, 1401.355469,
          0.000000, 0.000000, 1.000000, 583.309570,
          0.000000, 0.000000, 0.000000, 1.000000
        ),
      [
        ["Contents", ["Kurtenki1House8", "Kurtenki1House8_Shed"]]
      ]
    ],

    [
      "Kurtenki1House8",
      "InteriorObject",
      "CUSRHouseWoodUnit",
      new Matrix(
          0.999523, 0.007705, -0.029915, 4938.419434,
          -0.004433, 0.994147, 0.107947, 1405.874512,
          0.030572, -0.107763, 0.993706, 581.141663,
          0.000000, 0.000000, 0.000000, 1.000000
        ),
      [
        ["SurfaceControl", "PutonGround"]
      ]
    ],

    [
      "Kurtenki1House8_Shed",
      "InteriorObject",
      "CUSRShedWoodUnit",
      new Matrix(
          -0.998487, 0.048743, -0.025448, 4956.387695,
          -0.051592, -0.990564, 0.126971, 1395.273193,
          -0.019019, 0.128092, 0.991580, 582.915771,
          0.000000, 0.000000, 0.000000, 1.000000
        ),
      [
        ["SurfaceControl", "PutonGround"]
      ]
    ],

    [
      "Village_Kurtenki1_micro",
      "Locator",
      "CTerrainPatch",
      new Matrix(
          0.011889, -0.999929, 0.000000, 4877.143555,
          0.999929, 0.011889, 0.000000, 1403.616455,
          0.000000, 0.000000, 1.000000, 580.296082,
          0.000000, 0.000000, 0.000000, 1.000000
        ),
      [
        ["Dimensions", new Vector(125.000000, 125.000000, 8.454285)],
        ["TextureName", "Textures/V_Kurtenki1_micro.tex"],
        ["ZoneName", "Textures/V_Kurtenki1_zone.bmp"],
        ["BorderSize", 10.000000]
      ]
    ],

    [
      "NavPointKurt",
      "NavPoint",
      "CZAxisCylNavPoint",
      new Matrix(
          0.011889, -0.999929, 0.000000, 4877.143555,
          0.999929, 0.011889, 0.000000, 1403.616455,
          0.000000, 0.000000, 1.000000, 580.296082,
          0.000000, 0.000000, 0.000000, 1.000000
        ),
      [
        ["Range", 7.000000],
        ["IsVisible", true],
        ["IsMain", true],
        ["Name", "CC1M5Mission_Strings::str_NavPointKurt"]
      ]
    ],

    [
      "Kurtenki1Well",
      "InteriorObject",
      "CWaterWell_1Unit",
      new Matrix(
          0.999996, -0.002951, 0.000000, 4933.720215,
          0.002950, 0.999996, 0.000000, 1375.451050,
          0.000000, 0.000000, 1.000000, 581.840271,
          0.000000, 0.000000, 0.000000, 1.000000
        ),
      [
        ["SurfaceControl", "None"]
      ]
    ],

    [
      "MainPlayerUnit",
      "GameObject",
      "CTankT34_85_44Unit",
      new Matrix(
          -0.429849, -0.902397, -0.030147, 5085.984863,
          0.901787, -0.430737, 0.035287, 3894.867920,
          -0.044828, -0.012018, 0.998922, 580.963440,
          0.000000, 0.000000, 0.000000, 1.000000
        ),
      [
        ["IsPlayer", true],
        ["IsManual", true],
        ["Affiliation", "FRIEND"],
        ["Number", "22_18"],
        ["HitPoints", 1000.000000],
        ["SurfaceControl", "PutonGroundLandingJoints"],
        ["Route", []],
        ["ShadowPlaneOffset", 0.050000]
      ]
    ],

    [
      "MainPlayerUnit_Tank_Group_1",
      "GameObject",
      "CTankT34_85_44Unit",
      new Matrix(
          -0.225378, -0.974182, 0.013203, 5022.659668,
          0.974198, -0.225174, 0.015305, 3905.520996,
          -0.011937, 0.016312, 0.999796, 581.234863,
          0.000000, 0.000000, 0.000000, 1.000000
        ),
      [
        ["BehRadarMask", [["ENEMY", "MainMesh"], ["FRIEND", "INVISIBLE_ON_RADAR"]]],
        ["Affiliation", "FRIEND"],
        ["Task", "CC1M5MPURusTankTask"],
        ["Number", "22_24"],
        ["HitPoints", 1000.000000],
        ["SurfaceControl", "PutonGroundLandingJoints"],
        ["Route", []],
        ["ShadowPlaneOffset", 0.050000]
      ]
    ],

    [
      "MainPlayerUnit_Tank_Group_2",
      "GameObject",
      "CTankT34_85_44Unit",
      new Matrix(
          -0.133733, -0.990824, 0.019586, 4981.228516,
          0.990942, -0.133453, 0.014951, 3896.812744,
          -0.012200, 0.021408, 0.999696, 581.542786,
          0.000000, 0.000000, 0.000000, 1.000000
        ),
      [
        ["BehRadarMask", [["ENEMY", "MainMesh"], ["FRIEND", "INVISIBLE_ON_RADAR"]]],
        ["Affiliation", "FRIEND"],
        ["Task", "CC1M5MPURusTankTask"],
        ["Number", "22_25"],
        ["HitPoints", 1000.000000],
        ["SurfaceControl", "PutonGroundLandingJoints"],
        ["Route", []],
        ["ShadowPlaneOffset", 0.050000]
      ]
    ],

    [
      "CC1M5MPUGroupTank",
      "UnitGroup",
      "CC1M5MPUGroupTank",
      new Matrix(
          -0.225378, -0.974182, 0.013211, 5022.659668,
          0.974198, -0.225174, 0.015316, 3905.520996,
          -0.011946, 0.016322, 0.999795, 581.234985,
          0.000000, 0.000000, 0.000000, 1.000000
        ),
      [
        ["Units", ["MainPlayerUnit_Tank_Group_1", "MainPlayerUnit_Tank_Group_2"]],
        ["DelayedOrder", true],
        ["CyclePath", false],
        ["MinDifficulty", 0]
      ]
    ],

    [
      "Russian_Group_85_1",
      "GameObject",
      "CTankT34_76_42Unit",
      new Matrix(
          0.034709, -0.999382, -0.005556, 4959.166504,
          0.999373, 0.034670, 0.007135, 3980.753174,
          -0.006938, -0.005801, 0.999959, 602.877014,
          0.000000, 0.000000, 0.000000, 1.000000
        ),
      [
        ["Affiliation", "FRIEND"],
        ["Task", "CC1M5RusTank85Task"],
        ["BehRadarMask", [["ENEMY", "MainMesh"], ["FRIEND", "INVISIBLE_ON_RADAR"]]],
        ["Number", "22_31"],
        ["HitPoints", 1000.000000],
        ["SurfaceControl", "PutonGroundLandingJoints"],
        ["Route", []],
        ["ShadowPlaneOffset", 0.050000]
      ]
    ],

    [
      "Russian_Group_85_2",
      "GameObject",
      "CTankT34_76_42Unit",
      new Matrix(
          0.064065, -0.997945, -0.001170, 4990.125000,
          0.997941, 0.064061, 0.003003, 3976.113770,
          -0.002922, -0.001360, 0.999995, 602.928711,
          0.000000, 0.000000, 0.000000, 1.000000
        ),
      [
        ["Affiliation", "FRIEND"],
        ["Task", "CC1M5RusTank85Task"],
        ["BehRadarMask", [["ENEMY", "MainMesh"], ["FRIEND", "INVISIBLE_ON_RADAR"]]],
        ["Number", "22_28"],
        ["HitPoints", 1000.000000],
        ["SurfaceControl", "PutonGroundLandingJoints"],
        ["Route", []],
        ["ShadowPlaneOffset", 0.050000]
      ]
    ],

    [
      "Russian_Group_85_3",
      "GameObject",
      "CTankT34_76_42Unit",
      new Matrix(
          0.076109, -0.997062, -0.008668, 5015.660645,
          0.997090, 0.076068, 0.004903, 3973.524658,
          -0.004229, -0.009016, 0.999950, 602.888000,
          0.000000, 0.000000, 0.000000, 1.000000
        ),
      [
        ["Affiliation", "FRIEND"],
        ["Task", "CC1M5RusTank85Task"],
        ["BehRadarMask", [["ENEMY", "MainMesh"], ["FRIEND", "INVISIBLE_ON_RADAR"]]],
        ["Number", "22_14"],
        ["HitPoints", 1000.000000],
        ["SurfaceControl", "PutonGroundLandingJoints"],
        ["Route", []],
        ["ShadowPlaneOffset", 0.050000]
      ]
    ],

    [
      "CC1M5RusGroup85Tank",
      "UnitGroup",
      "CC1M5RusGroup85Tank",
      new Matrix(
          0.034539, -0.999351, -0.010254, 4959.166504,
          0.999352, 0.034639, -0.009776, 3980.753174,
          0.010125, -0.009910, 0.999900, 581.088074,
          0.000000, 0.000000, 0.000000, 1.000000
        ),
      [
        ["Units", ["Russian_Group_85_1", "Russian_Group_85_2", "Russian_Group_85_3", "Russian_Group_85_4"]],
        ["DelayedOrder", true],
        ["MovingSpeed", 3],
        ["Formation", "CFrontFormation"],
        ["FirstOrder", "Patrol"],
        ["Path", ["NavPoint_Rus85Attack3"]],
        ["CyclePath", false],
        ["MinDifficulty", 0]
      ]
    ],

    [
      "Russian_Group_76_1",
      "GameObject",
      "CTankT34_76_42Unit",
      new Matrix(
          0.906706, -0.417037, -0.062957, 5148.933594,
          0.410300, 0.906746, -0.097297, 3973.127686,
          0.097662, 0.062389, 0.993262, 582.292053,
          0.000000, 0.000000, 0.000000, 1.000000
        ),
      [
        ["Affiliation", "FRIEND"],
        ["Task", "CC1M5RusTank76Task"],
        ["BehRadarMask", [["ENEMY", "MainMesh"], ["FRIEND", "INVISIBLE_ON_RADAR"]]],
        ["Number", "22_33"]
      ]
    ],

    [
      "Russian_Group_76_2",
      "GameObject",
      "CTankT34_76_42Unit",
      new Matrix(
          0.750641, -0.660626, 0.010512, 5125.999512,
          0.660524, 0.750712, 0.011767, 3958.654541,
          -0.015665, -0.001890, 0.999875, 582.136536,
          0.000000, 0.000000, 0.000000, 1.000000
        ),
      [
        ["Affiliation", "FRIEND"],
        ["Task", "CC1M5RusTank76Task"],
        ["BehRadarMask", [["ENEMY", "MainMesh"], ["FRIEND", "INVISIBLE_ON_RADAR"]]],
        ["Number", "22_36"]
      ]
    ],

    [
      "Russian_Group_76_3",
      "GameObject",
      "CTankT34_76_42Unit",
      new Matrix(
          0.754010, -0.654472, -0.055992, 5096.522461,
          0.655179, 0.755440, -0.007190, 3935.615479,
          0.047004, -0.031263, 0.998405, 580.583984,
          0.000000, 0.000000, 0.000000, 1.000000
        ),
      [
        ["Affiliation", "FRIEND"],
        ["Task", "CC1M5RusTank76Task"],
        ["BehRadarMask", [["ENEMY", "MainMesh"], ["FRIEND", "INVISIBLE_ON_RADAR"]]],
        ["Number", "22_39"]
      ]
    ],

    [
      "CC1M5RusGroup76Tank",
      "UnitGroup",
      "CC1M5RusGroup76Tank",
      new Matrix(
          0.906705, -0.417037, -0.062968, 5148.933594,
          0.410299, 0.906746, -0.097296, 3973.127686,
          0.097672, 0.062383, 0.993261, 582.292114,
          0.000000, 0.000000, 0.000000, 1.000000
        ),
      [
        ["Units", ["Russian_Group_76_1", "Russian_Group_76_2", "Russian_Group_76_3"]],
        ["MovingSpeed", 3],
        ["Formation", "Column"],
        ["Path", ["NavPoint_Rus76Attack1_01", "NavPoint_Rus76Attack1_02", "NavPoint_Rus76Attack1_1", "NavPoint_Rus76Attack1_2", "NavPoint_Rus76Attack1", "NavPoint_Rus76Attack2"]],
        ["FirstOrder", "Patrol"],
        ["DelayedOrder", true],
        ["CyclePath", false],
        ["MinDifficulty", 0]
      ]
    ],

    [
      "GermanPanzer_Group_T4_1",
      "GameObject",
      "CTankPzIVGUnit",
      new Matrix(
          0.101408, 0.994832, 0.005096, 4841.962402,
          -0.968475, 0.097547, 0.229219, 5102.073730,
          0.227537, -0.028180, 0.973361, 548.843506,
          0.000000, 0.000000, 0.000000, 1.000000
        ),
      [
        ["Affiliation", "ENEMY"],
        ["Task", "CC1M5GermanTankT4GroupTask"],
        ["Number", "311"]
      ]
    ],

    [
      "GermanPanzer_Group_T4_2",
      "GameObject",
      "CTankPzIVGUnit",
      new Matrix(
          0.060489, 0.998115, -0.010338, 4875.676758,
          -0.994603, 0.061144, 0.083829, 5101.181152,
          0.084303, 0.005211, 0.996426, 547.394653,
          0.000000, 0.000000, 0.000000, 1.000000
        ),
      [
        ["Affiliation", "ENEMY"],
        ["Task", "CC1M5GermanTankT4GroupTask"],
        ["Number", "312"]
      ]
    ],

    [
      "GermanPanzer_Group_T4_3",
      "GameObject",
      "CTankPzVIAusfEUnit",
      new Matrix(
          -0.065058, 0.988965, 0.133100, 4920.990723,
          -0.959421, -0.098666, 0.264152, 5024.484375,
          0.274369, -0.110514, 0.955253, 557.216919,
          0.000000, 0.000000, 0.000000, 1.000000
        ),
      [
        ["Affiliation", "ENEMY"],
        ["Task", "CC1M5GermanTankT4GroupTask"],
        ["Number", "313"]
      ]
    ],

    [
      "CC1M5GerTankT4Group",
      "UnitGroup",
      "CC1M5GerTankT4Group",
      new Matrix(
          0.090831, 0.993983, 0.061211, 4841.962402,
          -0.995564, 0.089118, 0.030169, 5102.073730,
          0.024533, -0.063680, 0.997669, 574.410278,
          0.000000, 0.000000, 0.000000, 1.000000
        ),
      [
        ["Units", ["GermanPanzer_Group_T4_1", "GermanPanzer_Group_T4_2", "GermanPanzer_Group_T4_3"]],
        ["DelayedOrder", true],
        ["MovingSpeed", 4],
        ["CyclePath", false],
        ["MinDifficulty", 0]
      ]
    ],

    [
      "GermanPanzer_Group2_T4_1",
      "GameObject",
      "CTankPzIVGUnit",
      new Matrix(
          0.077096, 0.996037, -0.044342, 4997.687012,
          -0.996984, 0.077410, 0.005425, 5046.131836,
          0.008836, 0.043790, 0.999002, 553.641479,
          0.000000, 0.000000, 0.000000, 1.000000
        ),
      [
        ["Affiliation", "ENEMY"],
        ["Task", "CC1M5GermanTankGroupTask"],
        ["Number", "322"]
      ]
    ],

    [
      "GermanPanzer_Group2_T4_2",
      "GameObject",
      "CTankPzVIAusfEUnit",
      new Matrix(
          0.011472, 0.992359, 0.122848, 4925.969238,
          -0.970306, -0.018637, 0.241160, 5025.790527,
          0.241607, -0.121967, 0.962679, 556.212891,
          0.000000, 0.000000, 0.000000, 1.000000
        ),
      [
        ["Affiliation", "ENEMY"],
        ["Task", "CC1M5GermanTankGroupTask"],
        ["Number", "323"]
      ]
    ],

    [
      "GermanPanzer_Group2_T6_3",
      "GameObject",
      "CTankPzVIAusfEUnit",
      new Matrix(
          0.133585, 0.990910, -0.015907, 4968.120117,
          -0.989804, 0.134202, 0.047718, 5029.817871,
          0.049419, 0.009371, 0.998734, 553.450134,
          0.000000, 0.000000, 0.000000, 1.000000
        ),
      [
        ["Affiliation", "ENEMY"],
        ["Task", "CC1M5GermanTankGroupTask"],
        ["Number", "324"]
      ]
    ],

    [
      "CC1M5GermanTankGroupT4T6",
      "UnitGroup",
      "CC1M5GermanTankGroupT4T6",
      new Matrix(
          0.078351, 0.996616, 0.024855, 4997.687012,
          -0.995363, 0.076808, 0.057914, 5046.131836,
          0.055809, -0.029277, 0.998012, 568.150330,
          0.000000, 0.000000, 0.000000, 1.000000
        ),
      [
        ["Units", ["GermanPanzer_Group2_T4_1", "GermanPanzer_Group2_T4_2", "GermanPanzer_Group2_T6_3"]],
        ["DelayedOrder", true],
        ["MovingSpeed", 4],
        ["CyclePath", false],
        ["MinDifficulty", 0]
      ]
    ],

    [
      "GermanPanzer_Group3_Stug_1",
      "GameObject",
      "CSAUStuG40Unit",
      new Matrix(
          0.928125, 0.371390, -0.025550, 4766.885254,
          -0.372219, 0.926925, -0.047580, 4888.099609,
          0.006012, 0.053670, 0.998541, 577.643066,
          0.000000, 0.000000, 0.000000, 1.000000
        ),
      [
        ["Affiliation", "ENEMY"],
        ["Task", "CC1M5GermanTankStug"],
        ["Number", "w211"]
      ]
    ],

    [
      "GermanPanzer_Group3_Stug_2",
      "GameObject",
      "CSAUStuG40Unit",
      new Matrix(
          0.059381, 0.998184, -0.010165, 4862.756836,
          -0.998212, 0.059445, 0.006166, 4871.507324,
          0.006759, 0.009780, 0.999929, 577.431152,
          0.000000, 0.000000, 0.000000, 1.000000
        ),
      [
        ["Affiliation", "ENEMY"],
        ["Task", "CC1M5GermanTankStug"],
        ["Number", "w212"]
      ]
    ],

    [
      "CC1M5GermanTankGroupStug",
      "UnitGroup",
      "CC1M5GermanTankGroupStug",
      new Matrix(
          0.928142, 0.372226, -0.000012, 4766.885254,
          -0.372226, 0.928142, 0.000000, 4888.099609,
          0.000012, 0.000005, 1.000000, 576.438660,
          0.000000, 0.000000, 0.000000, 1.000000
        ),
      [
        ["Units", ["GermanPanzer_Group3_Stug_1", "GermanPanzer_Group3_Stug_2"]],
        ["DelayedOrder", true],
        ["MovingSpeed", 4],
        ["CyclePath", false],
        ["MinDifficulty", 0]
      ]
    ],

    [
      "GermanSoldier_Group1_0",
      "GameObject",
      "CGermanSoldierRifleUnit",
      new Matrix(
          -0.803590, 0.595183, 0.000000, 4877.897949,
          -0.595183, -0.803590, 0.000000, 4894.660156,
          0.000000, 0.000000, 1.000000, 576.039917,
          0.000000, 0.000000, 0.000000, 1.000000
        ),
      [
        ["Affiliation", "ENEMY"],
        ["Task", "CC1M5GerSoldierGroup1Task"]
      ]
    ],

    [
      "GermanSoldier_Group1_1",
      "GameObject",
      "CGermanSoldierRifleUnit",
      new Matrix(
          -0.803590, 0.595183, 0.000000, 4879.596680,
          -0.595183, -0.803590, 0.000000, 4898.333008,
          0.000000, 0.000000, 1.000000, 576.039917,
          0.000000, 0.000000, 0.000000, 1.000000
        ),
      [
        ["Affiliation", "ENEMY"],
        ["Task", "CC1M5GerSoldierGroup1Task"]
      ]
    ],

    [
      "GermanSoldier_Group1_2",
      "GameObject",
      "CGermanSoldierRifleUnit",
      new Matrix(
          -0.803590, 0.595183, 0.000000, 4878.823242,
          -0.595183, -0.803590, 0.000000, 4897.251953,
          0.000000, 0.000000, 1.000000, 576.039917,
          0.000000, 0.000000, 0.000000, 1.000000
        ),
      [
        ["Affiliation", "ENEMY"],
        ["Task", "CC1M5GerSoldierGroup1Task"]
      ]
    ],

    [
      "GermanSoldier_Group1_3",
      "GameObject",
      "CGermanSoldierRifleUnit",
      new Matrix(
          -0.803590, 0.595183, 0.000000, 4881.999512,
          -0.595183, -0.803590, 0.000000, 4899.876953,
          0.000000, 0.000000, 1.000000, 576.039917,
          0.000000, 0.000000, 0.000000, 1.000000
        ),
      [
        ["Affiliation", "ENEMY"],
        ["Task", "CC1M5GerSoldierGroup1Task"]
      ]
    ],

    [
      "GermanSoldier_Group1_4",
      "GameObject",
      "CGermanSoldierRifleUnit",
      new Matrix(
          -0.803590, 0.595183, 0.000000, 4880.988770,
          -0.595183, -0.803590, 0.000000, 4897.983398,
          0.000000, 0.000000, 1.000000, 576.039917,
          0.000000, 0.000000, 0.000000, 1.000000
        ),
      [
        ["Affiliation", "ENEMY"],
        ["Task", "CC1M5GerSoldierGroup1Task"]
      ]
    ],

    [
      "GermanSoldier_Group1_5",
      "GameObject",
      "CGermanSoldierRifleUnit",
      new Matrix(
          -0.803590, 0.595183, 0.000000, 4879.556641,
          -0.595183, -0.803590, 0.000000, 4894.947754,
          0.000000, 0.000000, 1.000000, 576.039917,
          0.000000, 0.000000, 0.000000, 1.000000
        ),
      [
        ["Affiliation", "ENEMY"],
        ["Task", "CC1M5GerSoldierGroup1Task"]
      ]
    ],

    [
      "GermanSoldier_Group1_6",
      "GameObject",
      "CGermanSoldierRifleUnit",
      new Matrix(
          -0.803590, 0.595183, 0.000000, 4879.495605,
          -0.595183, -0.803590, 0.000000, 4896.094238,
          0.000000, 0.000000, 1.000000, 576.039917,
          0.000000, 0.000000, 0.000000, 1.000000
        ),
      [
        ["Affiliation", "ENEMY"],
        ["Task", "CC1M5GerSoldierGroup1Task"]
      ]
    ],

    [
      "GermanSoldier_Group1_7",
      "GameObject",
      "CGermanSoldierRifleUnit",
      new Matrix(
          -0.803590, 0.595183, 0.000000, 4853.390625,
          -0.595183, -0.803590, 0.000000, 4885.483398,
          0.000000, 0.000000, 1.000000, 576.039917,
          0.000000, 0.000000, 0.000000, 1.000000
        ),
      [
        ["Affiliation", "ENEMY"],
        ["Task", "CC1M5GerSoldierGroup1Task"]
      ]
    ],

    [
      "GermanSoldier_Group1_8",
      "GameObject",
      "CGermanSoldierRifleUnit",
      new Matrix(
          -0.803590, 0.595183, 0.000000, 4882.608887,
          -0.595183, -0.803590, 0.000000, 4899.017090,
          0.000000, 0.000000, 1.000000, 576.039917,
          0.000000, 0.000000, 0.000000, 1.000000
        ),
      [
        ["Affiliation", "ENEMY"],
        ["Task", "CC1M5GerSoldierGroup1Task"]
      ]
    ],

    [
      "GermanSoldier_Group1_9",
      "GameObject",
      "CGermanSoldierRifleUnit",
      new Matrix(
          -0.803590, 0.595183, 0.000000, 4881.956055,
          -0.595183, -0.803590, 0.000000, 4896.651367,
          0.000000, 0.000000, 1.000000, 576.039917,
          0.000000, 0.000000, 0.000000, 1.000000
        ),
      [
        ["Affiliation", "ENEMY"],
        ["Task", "CC1M5GerSoldierGroup1Task"]
      ]
    ],

    [
      "CC1M5GerSoldierGroup1",
      "UnitGroup",
      "CC1M5GerSoldierGroup1",
      new Matrix(
          -0.803590, 0.595183, 0.000000, 4877.897949,
          -0.595183, -0.803590, 0.000000, 4894.660156,
          0.000000, 0.000000, 1.000000, 576.039917,
          0.000000, 0.000000, 0.000000, 1.000000
        ),
      [
        ["Units", ["GermanSoldier_Group1_0", "GermanSoldier_Group1_1", "GermanSoldier_Group1_2", "GermanSoldier_Group1_3", "GermanSoldier_Group1_4", "GermanSoldier_Group1_5", "GermanSoldier_Group1_6", "GermanSoldier_Group1_7", "GermanSoldier_Group1_8", "GermanSoldier_Group1_9"]],
        ["DelayedOrder", true],
        ["MovingSpeed", 4],
        ["CyclePath", false],
        ["MinDifficulty", 0]
      ]
    ],

    [
      "RussianSoldier_Group1_0",
      "GameObject",
      "CSovietSoldierRifleUnit",
      new Matrix(
          -0.239242, -0.970960, 0.000000, 5151.852051,
          0.970960, -0.239242, 0.000000, 4230.293945,
          0.000000, 0.000000, 1.000000, 585.559875,
          0.000000, 0.000000, 0.000000, 1.000000
        ),
      [
        ["Affiliation", "FRIEND"],
        ["Task", "CC1M5RusSoldierGroup1Task"]
      ]
    ],

    [
      "RussianSoldier_Group1_1",
      "GameObject",
      "CSovietSoldierRifleUnit",
      new Matrix(
          -0.239242, -0.970960, 0.000000, 5161.836914,
          0.970960, -0.239242, 0.000000, 4227.209473,
          0.000000, 0.000000, 1.000000, 585.559875,
          0.000000, 0.000000, 0.000000, 1.000000
        ),
      [
        ["Affiliation", "FRIEND"],
        ["Task", "CC1M5RusSoldierGroup1Task"]
      ]
    ],

    [
      "RussianSoldier_Group1_2",
      "GameObject",
      "CSovietSoldierRifleUnit",
      new Matrix(
          -0.239242, -0.970960, 0.000000, 5172.011230,
          0.970960, -0.239242, 0.000000, 4234.208984,
          0.000000, 0.000000, 1.000000, 585.624268,
          0.000000, 0.000000, 0.000000, 1.000000
        ),
      [
        ["Affiliation", "FRIEND"],
        ["Task", "CC1M5RusSoldierGroup1Task"]
      ]
    ],

    [
      "RussianSoldier_Group1_3",
      "GameObject",
      "CSovietSoldierRifleUnit",
      new Matrix(
          -0.239242, -0.970960, 0.000000, 5181.005859,
          0.970960, -0.239242, 0.000000, 4242.512695,
          0.000000, 0.000000, 1.000000, 585.629944,
          0.000000, 0.000000, 0.000000, 1.000000
        ),
      [
        ["Affiliation", "FRIEND"],
        ["Task", "CC1M5RusSoldierGroup1Task"]
      ]
    ],

    [
      "RussianSoldier_Group1_4",
      "GameObject",
      "CSovietSoldierRifleUnit",
      new Matrix(
          -0.239242, -0.970960, 0.000000, 5149.623535,
          0.970960, -0.239242, 0.000000, 4218.576660,
          0.000000, 0.000000, 1.000000, 585.547668,
          0.000000, 0.000000, 0.000000, 1.000000
        ),
      [
        ["Affiliation", "FRIEND"],
        ["Task", "CC1M5RusSoldierGroup1Task"]
      ]
    ],

    [
      "RussianSoldier_Group1_5",
      "GameObject",
      "CSovietSoldierRifleUnit",
      new Matrix(
          -0.239242, -0.970960, 0.000000, 5143.115723,
          0.970960, -0.239242, 0.000000, 4217.299805,
          0.000000, 0.000000, 1.000000, 585.489868,
          0.000000, 0.000000, 0.000000, 1.000000
        ),
      [
        ["Affiliation", "FRIEND"],
        ["Task", "CC1M5RusSoldierGroup1Task"]
      ]
    ],

    [
      "RussianSoldier_Group1_6",
      "GameObject",
      "CSovietSoldierRifleUnit",
      new Matrix(
          -0.239242, -0.970960, 0.000000, 5183.485840,
          0.970960, -0.239242, 0.000000, 4251.549316,
          0.000000, 0.000000, 1.000000, 585.662354,
          0.000000, 0.000000, 0.000000, 1.000000
        ),
      [
        ["Affiliation", "FRIEND"],
        ["Task", "CC1M5RusSoldierGroup1Task"]
      ]
    ],

    [
      "RussianSoldier_Group1_7",
      "GameObject",
      "CSovietSoldierRifleUnit",
      new Matrix(
          -0.239242, -0.970960, 0.000000, 5134.947266,
          0.970960, -0.239242, 0.000000, 4217.959961,
          0.000000, 0.000000, 1.000000, 585.489868,
          0.000000, 0.000000, 0.000000, 1.000000
        ),
      [
        ["Affiliation", "FRIEND"],
        ["Task", "CC1M5RusSoldierGroup1Task"]
      ]
    ],

    [
      "RussianSoldier_Group1_8",
      "GameObject",
      "CSovietSoldierRifleUnit",
      new Matrix(
          -0.239242, -0.970960, 0.000000, 5169.526367,
          0.970960, -0.239242, 0.000000, 4227.008301,
          0.000000, 0.000000, 1.000000, 585.584656,
          0.000000, 0.000000, 0.000000, 1.000000
        ),
      [
        ["Affiliation", "FRIEND"],
        ["Task", "CC1M5RusSoldierGroup1Task"]
      ]
    ],

    [
      "RussianSoldier_Group1_9",
      "GameObject",
      "CSovietSoldierRifleUnit",
      new Matrix(
          -0.239242, -0.970960, 0.000000, 5192.167480,
          0.970960, -0.239242, 0.000000, 4245.320801,
          0.000000, 0.000000, 1.000000, 585.662170,
          0.000000, 0.000000, 0.000000, 1.000000
        ),
      [
        ["Affiliation", "FRIEND"],
        ["Task", "CC1M5RusSoldierGroup1Task"]
      ]
    ],

    [
      "CC1M5RusSoldierGroup1",
      "UnitGroup",
      "CC1M5RusSoldierGroup1",
      new Matrix(
          -0.239242, -0.970960, 0.000000, 5151.852051,
          0.970960, -0.239242, 0.000000, 4230.293945,
