//-------------------------------------------------------------------
//                                                                   
//  This code is copyright 2001 by G5 Software.                      
//  Any unauthorized usage, either in part or in whole of this code  
//  is strictly prohibited. Violators WILL be prosecuted to the      
//  maximum extent allowed by law.                                   
//  Redux A&S Check (this file needed major restructuring)                                                          
//-------------------------------------------------------------------
//                                                                   
//  Automatically-generated mission script file                      
//  DO NOT EDIT!                                                     
//                                                                   
//-------------------------------------------------------------------


class CC1M6Content
{
  static String m_ObjectListClassFile = "Missions/Campaign_1/Mission_6/Content.script";
  static String m_ObjectListClassName = "CC1M6Content";

  static Array  m_MissionObjectList   = [
    [
      "Atmosphere",
      "",
      "",
      new Matrix(
          1.000000, 0.000000, 0.000000, 0.000000,
          0.000000, 1.000000, 0.000000, 0.000000,
          0.000000, 0.000000, 1.000000, 0.000000,
          0.000000, 0.000000, 0.000000, 1.000000
        ),
      [
        ["AmbientLight", new Color(0.152941, 0.152941, 0.180392, 1.000000)],
        ["AntiSunAngle", 30.000000],
		["AntiSunColor", new Color(0.576471, 0.592157, 0.666667, 1.000000)],
        ["AntiSunIntensity", 0.200000], //jm 0.5
		["EnableHorizontAdjustment", true],
        ["FogColorXPos", new Color(0.520000, 0.520000, 0.550000, 1.000000)],
        ["FogColorXNeg", new Color(0.520000, 0.520000, 0.550000, 1.000000)],
        ["FogColorYPos", new Color(0.520000, 0.520000, 0.550000, 1.000000)],
        ["FogColorYNeg", new Color(0.520000, 0.520000, 0.550000, 1.000000)],
       	["FogDensity", 0.001000],
        ["FogNear", 10.000000],
        ["FogFar", 500.000000],
        ["FogFarMax", 4000.000000],
       	["FogMode", "Exp"],
       	["ShadowColor", new Color(0.847059, 0.847059, 0.847059, 1.000000)],
        ["SunColor", new Color(0.682353, 0.682353, 0.682353, 1.000000)],
        ["SunDirection", new Vector(0.105195, 0.105554, 0.355535)],
        ["SunIntensity", 0.250000], //jm 0.5 
        ["TreeLightKoef", 0.000000],
        ["TreeNormalRelax", 0.000000],
        ["TreeShadowLodDistance", 25.000000], // Redux added as was missing
        ["AntiSunHorAngle", 105.000000],
	    ["StencilShadowColor", new Color(0.874510, 0.874510, 0.874510, 1.000000)]
      ]
    ],

    [
      "Terrain",
      "",
      "",
      new Matrix(
          1.000000, 0.000000, 0.000000, 0.000000,
          0.000000, 1.000000, 0.000000, 0.000000,
          0.000000, 0.000000, 1.000000, 0.000000,
          0.000000, 0.000000, 0.000000, 1.000000
        ),
      [
        ["ForestTextureScale", 0.500000],
        ["ForestShadowBorderScale", 0.400000],
        ["ForestShadowAlphaScale", 0.500000],
        ["ForestBeginFadeDist", [250.000000, 480.000000]],
        ["VertForestDistMin", 800.000000],
        ["VertForestDistMax", 8000.000000],
        ["VertForestAngleMin", 0.000000],
        ["VertForestAngleMax", 45.000000],
        ["VertForestBeginFadeDist", [250.000000, 410.000000]],
        ["TerrainShadowPower", 3.500000],
        ["IsAntiLighting", true],
        ["NormalNoise", 0.250000],
        ["WaterBorderColor", new Color(0.556863, 0.494118, 0.443137, 1.000000)]
      ]
    ],

    [
      "MainPlayerUnit",
      "GameObject",
      "CTankT34_85_44Unit",
      new Matrix(
          0.944984, -0.327117, -0.000007, 5599.615723,
          0.327117, 0.944984, 0.000000, 3906.884766,
          0.000006, -0.000002, 1.000000, 574.583984,
          0.000000, 0.000000, 0.000000, 1.000000
        ),
      [
        ["IsPlayer", true],
        ["IsManual", true],
        ["Affiliation", "FRIEND"],
        ["Number", "22_18"],
        ["HitPoints", 1000.000000],
        ["SurfaceControl", "PutonGroundLandingJoints"],
        ["Route", []],
        ["ShadowPlaneOffset", 0.050000]
      ]
    ],

    [
      "Village_Kurtenki1",
      "ObjectsGroup",
      "CObjectsGroup",
      new Matrix(
          0.011889, -0.999929, 0.000000, 4845.782227,
          0.999929, 0.011889, 0.000000, 1346.679565,
          0.000000, 0.000000, 1.000000, 583.860962,
          0.000000, 0.000000, 0.000000, 1.000000
        ),
      [
        ["Contents", ["Kurtenki1House1Group", "Kurtenki1House2Group", "Kurtenki1House3Group", "Kurtenki1House4Group", "Kurtenki1House5Group", "Kurtenki1House6Group", "Kurtenki1House7Group", "Kurtenki1House8Group"]]
      ]
    ],

    [
      "Kurtenki1House1Group",
      "ObjectsGroup",
      "CObjectsGroup",
      new Matrix(
          0.021260, -0.999774, 0.000000, 4805.200684,
          0.999774, 0.021261, 0.000000, 1379.772827,
          0.000000, 0.000000, 1.000000, 579.915710,
          0.000000, 0.000000, 0.000000, 1.000000
        ),
      [
        ["Contents", ["Kurtenki1House1", "Kurtenki1House1_Shed"]]
      ]
    ],

    [
      "Kurtenki1House1",
      "InteriorObject",
      "CUSRHouseWoodUnit",
      new Matrix(
          -0.999213, -0.020274, -0.034079, 4793.880371,
          0.017271, -0.996127, 0.086213, 1378.384644,
          -0.035695, 0.085557, 0.995694, 577.647888,
          0.000000, 0.000000, 0.000000, 1.000000
        ),
      [
        ["SurfaceControl", "PutonGround"]
      ]
    ],

    [
      "Kurtenki1House1_Shed",
      "InteriorObject",
      "CUSRShedWoodUnit",
      new Matrix(
          -0.003613, 0.999792, -0.020054, 4817.048828,
          -0.997976, -0.002332, 0.063553, 1380.258179,
          0.063493, 0.020243, 0.997777, 578.529785,
          0.000000, 0.000000, 0.000000, 1.000000
        ),
      [
        ["SurfaceControl", "PutonGround"]
      ]
    ],

    [
      "Kurtenki1House2Group",
      "ObjectsGroup",
      "CObjectsGroup",
      new Matrix(
          0.999969, 0.007816, 0.000000, 4758.447266,
          -0.007817, 0.999969, 0.000000, 1390.288452,
          0.000000, 0.000000, 1.000000, 578.654663,
          0.000000, 0.000000, 0.000000, 1.000000
        ),
      [
        ["Contents", ["Kurtenki1House2", "Kurtenki1House2_Corral"]]
      ]
    ],

    [
      "Kurtenki1House2",
      "InteriorObject",
      "CUSRHouseWoodUnit",
      new Matrix(
          -0.038666, 0.998248, -0.044777, 4756.091797,
          -0.992915, -0.033343, 0.114054, 1377.103516,
          0.112361, 0.048870, 0.992465, 577.238953,
          0.000000, 0.000000, 0.000000, 1.000000
        ),
      [
        ["SurfaceControl", "PutonGround"]
      ]
    ],

    [
      "Kurtenki1House2_Corral",
      "InteriorObject",
      "CUSRCorralWoodUnit",
      new Matrix(
          -0.998205, -0.057666, -0.016134, 4760.303711,
          0.057003, -0.997615, 0.038931, 1402.434204,
          -0.018341, 0.037941, 0.999112, 575.235168,
          0.000000, 0.000000, 0.000000, 1.000000
        ),
      [
        ["SurfaceControl", "PutonGround"]
      ]
    ],

    [
      "Kurtenki1House3Group",
      "ObjectsGroup",
      "CObjectsGroup",
      new Matrix(
          0.011563, 0.999933, 0.000000, 4846.618164,
          -0.999933, 0.011563, 0.000000, 1311.535034,
          0.000000, 0.000000, 1.000000, 583.086243,
          0.000000, 0.000000, 0.000000, 1.000000
        ),
      [
        ["Contents", ["Kurtenki1House3", "Kurtenki1House3_Corral", "Kurtenki1House3_Shed1"]]
      ]
    ],

    [
      "Kurtenki1House3",
      "InteriorObject",
      "CUSRHouseWoodUnit",
      new Matrix(
          -0.999793, 0.017701, -0.010003, 4839.944336,
          -0.018036, -0.999244, 0.034438, 1302.031860,
          -0.009385, 0.034612, 0.999357, 580.915527,
          0.000000, 0.000000, 0.000000, 1.000000
        ),
      [
        ["SurfaceControl", "PutonGround"]
      ]
    ],

    [
      "Kurtenki1House3_Corral",
      "InteriorObject",
      "CUSRCorralWoodUnit",
      new Matrix(
          0.000334, 0.999977, -0.006732, 4843.067383,
          -0.999943, 0.000406, 0.010685, 1321.255615,
          0.010687, 0.006728, 0.999920, 580.672852,
          0.000000, 0.000000, 0.000000, 1.000000
        ),
      [
        ["SurfaceControl", "PutonGround"]
      ]
    ],

    [
      "Kurtenki1House3_Shed1",
      "InteriorObject",
      "CUSRShedWoodUnit",
      new Matrix(
          -0.011427, 0.999312, -0.035288, 4853.865723,
          -0.999821, -0.010887, 0.015454, 1308.101196,
          0.015059, 0.035458, 0.999258, 581.134827,
          0.000000, 0.000000, 0.000000, 1.000000
        ),
      [
        ["SurfaceControl", "PutonGround"]
      ]
    ],

    [
      "Kurtenki1House4Group",
      "ObjectsGroup",
      "CObjectsGroup",
      new Matrix(
          -0.994624, -0.103555, 0.000000, 4761.169922,
          0.103555, -0.994624, 0.000000, 1355.762207,
          0.000000, 0.000000, 1.000000, 581.365417,
          0.000000, 0.000000, 0.000000, 1.000000
        ),
      [
        ["Contents", ["Kurtenki1House4", "Kurtenki1House4_Corral"]]
      ]
    ],

    [
      "Kurtenki1House4",
      "InteriorObject",
      "CUSRHouseWoodUnit",
      new Matrix(
          0.029163, -0.998260, -0.051243, 4751.081543,
          0.996170, 0.024798, 0.083844, 1356.818604,
          -0.082428, -0.053492, 0.995160, 579.168091,
          0.000000, 0.000000, 0.000000, 1.000000
        ),
      [
        ["SurfaceControl", "PutonGround"]
      ]
    ],

    [
      "Kurtenki1House4_Corral",
      "InteriorObject",
      "CUSRCorralWoodUnit",
      new Matrix(
          -0.021248, 0.999754, -0.006381, 4771.562988,
          -0.997449, -0.020763, 0.068299, 1354.526367,
          0.068150, 0.007816, 0.997644, 579.837280,
          0.000000, 0.000000, 0.000000, 1.000000
        ),
      [
        ["SurfaceControl", "PutonGround"]
      ]
    ],

    [
      "Kurtenki1House5Group",
      "ObjectsGroup",
      "CObjectsGroup",
      new Matrix(
          0.999657, -0.026195, 0.000000, 4818.223633,
          0.026195, 0.999657, 0.000000, 1299.116943,
          0.000000, 0.000000, 1.000000, 583.003723,
          0.000000, 0.000000, 0.000000, 1.000000
        ),
      [
        ["Contents", ["Kurtenki1House5", "Kurtenki1House5_Shed1"]]
      ]
    ],

    [
      "Kurtenki1House5",
      "InteriorObject",
      "CUSRHouseWoodUnit",
      new Matrix(
          0.999349, -0.035809, 0.004288, 4819.069336,
          0.035740, 0.999246, 0.015135, 1305.939209,
          -0.004827, -0.014972, 0.999876, 580.776245,
          0.000000, 0.000000, 0.000000, 1.000000
        ),
      [
        ["SurfaceControl", "PutonGround"]
      ]
    ],

    [
      "Kurtenki1House5_Shed1",
      "InteriorObject",
      "CUSRShedWoodUnit",
      new Matrix(
          -0.999806, 0.019671, 0.000057, 4818.437012,
          -0.019586, -0.995762, 0.089857, 1290.857178,
          0.001825, 0.089838, 0.995955, 581.547363,
          0.000000, 0.000000, 0.000000, 1.000000
        ),
      [
        ["SurfaceControl", "PutonGround"]
      ]
    ],

    [
      "Kurtenki1House6Group",
      "ObjectsGroup",
      "CObjectsGroup",
      new Matrix(
          -0.999884, -0.015204, 0.000000, 4807.791016,
          0.015204, -0.999884, 0.000000, 1348.129639,
          0.000000, 0.000000, 1.000000, 582.122803,
          0.000000, 0.000000, 0.000000, 1.000000
        ),
      [
        ["Contents", ["Kurtenki1House6", "Kurtenki1House6_Shed"]]
      ]
    ],

    [
      "Kurtenki1House6",
      "InteriorObject",
      "CUSRHouseWoodUnit",
      new Matrix(
          -0.022806, -0.999703, -0.008536, 4800.826660,
          0.994634, -0.023550, 0.100742, 1356.554077,
          -0.100914, -0.006192, 0.994876, 579.902771,
          0.000000, 0.000000, 0.000000, 1.000000
        ),
      [
        ["SurfaceControl", "PutonGround"]
      ]
    ],

    [
      "Kurtenki1House6_Shed",
      "InteriorObject",
      "CUSRShedWoodUnit",
      new Matrix(
          0.000872, 0.999974, 0.007188, 4816.237793,
          -0.999964, 0.000811, 0.008481, 1340.747925,
          0.008475, -0.007195, 0.999938, 580.438782,
          0.000000, 0.000000, 0.000000, 1.000000
        ),
      [
        ["SurfaceControl", "PutonGround"]
      ]
    ],

    [
      "Kurtenki1House7Group",
      "ObjectsGroup",
      "CObjectsGroup",
      new Matrix(
          -0.710108, -0.704093, 0.000000, 4933.019043,
          0.704093, -0.710108, 0.000000, 1333.068970,
          0.000000, 0.000000, 1.000000, 589.429565,
          0.000000, 0.000000, 0.000000, 1.000000
        ),
      [
        ["Contents", ["Kurtenki1House7", "Kurtenki1House7_Shed1"]]
      ]
    ],

    [
      "Kurtenki1House7",
      "InteriorObject",
      "CUSRHouseWoodUnit",
      new Matrix(
          -0.742858, 0.666272, -0.065137, 4939.797363,
          -0.667936, -0.744200, 0.005249, 1333.643921,
          -0.044978, 0.047407, 0.997862, 587.889771,
          0.000000, 0.000000, 0.000000, 1.000000
        ),
      [
        ["SurfaceControl", "PutonGround"]
      ]
    ],

    [
      "Kurtenki1House7_Shed1",
      "InteriorObject",
      "CUSRShedWoodUnit",
      new Matrix(
          -0.690365, -0.716316, -0.101425, 4926.491699,
          0.719787, -0.694186, 0.003359, 1331.728638,
          -0.072813, -0.070685, 0.994838, 586.730530,
          0.000000, 0.000000, 0.000000, 1.000000
        ),
      [
        ["SurfaceControl", "PutonGround"]
      ]
    ],

    [
      "Kurtenki1House8Group",
      "ObjectsGroup",
      "CObjectsGroup",
      new Matrix(
          0.999989, 0.004656, 0.000000, 4916.003906,
          -0.004656, 0.999989, 0.000000, 1386.614380,
          0.000000, 0.000000, 1.000000, 584.487549,
          0.000000, 0.000000, 0.000000, 1.000000
        ),
      [
        ["Contents", ["Kurtenki1House8", "Kurtenki1House8_Shed"]]
      ]
    ],

    [
      "Kurtenki1House8",
      "InteriorObject",
      "CUSRHouseWoodUnit",
      new Matrix(
          0.999883, 0.009393, -0.012060, 4906.172852,
          -0.007965, 0.993509, 0.113471, 1391.114746,
          0.013047, -0.113362, 0.993468, 582.323059,
          0.000000, 0.000000, 0.000000, 1.000000
        ),
      [
        ["SurfaceControl", "PutonGround"]
      ]
    ],

    [
      "Kurtenki1House8_Shed",
      "InteriorObject",
      "CUSRShedWoodUnit",
      new Matrix(
          -0.998621, 0.048195, -0.020836, 4924.141113,
          -0.050361, -0.991443, 0.120437, 1380.513428,
          -0.014853, 0.121320, 0.992502, 583.879944,
          0.000000, 0.000000, 0.000000, 1.000000
        ),
      [
        ["SurfaceControl", "PutonGround"]
      ]
    ],

    [
      "NavPointKurt",
      "NavPoint",
      "CZAxisCylNavPoint",
      new Matrix(
          0.011889, -0.999929, 0.000000, 4844.901855,
          0.999929, 0.011889, 0.000000, 1388.854980,
          0.000000, 0.000000, 1.000000, 578.508667,
          0.000000, 0.000000, 0.000000, 1.000000
        ),
      [
        ["Range", 7.000000],
        ["IsVisible", true],
        ["IsMain", true],
        ["Name", "CC1M6Mission_Strings::str_NavPointKurt"]
      ]
    ],

    [
      "NavPointVis",
      "NavPoint",
      "CZAxisCylNavPoint",
      new Matrix(
          0.011883, -0.999929, 0.000000, 5922.818848,
          0.999929, 0.011883, 0.000000, 4633.125000,
          0.000000, 0.000000, 1.000000, 556.709900,
          0.000000, 0.000000, 0.000000, 1.000000
        ),
      [
        ["Range", 7.000000],
        ["IsVisible", true],
        ["IsMain", true],
        ["Name", "CC1M6Mission_Strings::str_NavPointVis"]
      ]
    ],

    [
      "Russian_TankGroup1_76_1",
      "GameObject",
      "CTankT34_85_44Unit",
      new Matrix(
          -0.962010, -0.273013, -0.000012, 5766.288574,
          0.273013, -0.962010, 0.000000, 4669.502441,
          -0.000011, -0.000003, 1.000000, 550.007446,
          0.000000, 0.000000, 0.000000, 1.000000
        ),
      [
        ["Affiliation", "FRIEND"],
        ["Task", "CC1M6RusTank76Task1"],
        ["Number", "22_30"]
      ]
    ],

    [
      "Russian_TankGroup1_76_2",
      "GameObject",
      "CTankT34_76_42Unit",
      new Matrix(
          -0.965038, -0.262110, -0.000017, 5744.615234,
          0.262110, -0.965038, 0.000000, 4647.483887,
          -0.000017, -0.000005, 1.000000, 550.007568,
          0.000000, 0.000000, 0.000000, 1.000000
        ),
      [
        ["Affiliation", "FRIEND"],
        ["Task", "CC1M6RusTank76Task1"],
        ["Number", "22_31"]
      ]
    ],

    [
      "Russian_TankGroup1_76_3",
      "GameObject",
      "CTankT34_76_42Unit",
      new Matrix(
          -0.963700, -0.266988, -0.000026, 5723.250977,
          0.266852, -0.963212, 0.031829, 4612.303223,
          -0.008523, 0.030667, 0.999493, 550.068970,
          0.000000, 0.000000, 0.000000, 1.000000
        ),
      [
        ["Affiliation", "FRIEND"],
        ["Task", "CC1M6RusTank76Task1"],
        ["Number", "22_32"]
      ]
    ],

    [
      "CC1M6RusGroup1_76Tank",
      "UnitGroup",
      "CC1M6RusGroup1_76Tank",
      new Matrix(
          -0.965038, -0.262110, -0.000017, 5744.615234,
          0.262110, -0.965038, 0.000000, 4647.483887,
          -0.000017, -0.000005, 1.000000, 550.007568,
          0.000000, 0.000000, 0.000000, 1.000000
        ),
      [
        ["Units", ["Russian_TankGroup1_76_1", "Russian_TankGroup1_76_2", "Russian_TankGroup1_76_3"]],
        ["DelayedOrder", true],
        ["MovingSpeed", 4],
        ["CyclePath", false],
        ["MinDifficulty", 0]
      ]
    ],

    [
      "MainPlayerUnit_RussianTank_T34_85_1",
      "GameObject",
      "CTankT34_85_44Unit",
      new Matrix(
          0.157166, -0.987559, -0.005001, 5552.315430,
          0.987562, 0.157139, 0.005402, 3905.580322,
          -0.004549, -0.005788, 0.999973, 574.242676,
          0.000000, 0.000000, 0.000000, 1.000000
        ),
      [
        ["Affiliation", "FRIEND"],
        ["BehRadarMask", [["ENEMY", "MainMesh"], ["FRIEND", "HUMAN"]]],
        ["Task", "CC1M6MPURusTank85Task"],
        ["Number", "22_36"]
      ]
    ],

    [
      "MainPlayerUnit_RussianTank_T34_85_2",
      "GameObject",
      "CTankT34_85_44Unit",
      new Matrix(
          0.162107, -0.986767, 0.003491, 5536.410156,
          0.986768, 0.162093, -0.003850, 3907.381348,
          0.003233, 0.004069, 0.999986, 574.258606,
          0.000000, 0.000000, 0.000000, 1.000000
        ),
      [
        ["Affiliation", "FRIEND"],
        ["BehRadarMask", [["ENEMY", "MainMesh"], ["FRIEND", "HUMAN"]]],
        ["Task", "CC1M6MPURusTank85Task"],
        ["Number", "22_37"]
      ]
    ],

    [
      "CC1M6MPUGroupTank",
      "UnitGroup",
      "CC1M6MPUGroupTank",
      new Matrix(
          0.157166, -0.987559, -0.005006, 5552.315430,
          0.987562, 0.157139, 0.005402, 3905.580322,
          -0.004548, -0.005793, 0.999973, 574.242615,
          0.000000, 0.000000, 0.000000, 1.000000
        ),
      [
        ["Units", ["MainPlayerUnit_RussianTank_T34_85_1", "MainPlayerUnit_RussianTank_T34_85_2"]],
        ["DelayedOrder", true],
        ["MovingSpeed", 4],
        ["Formation", "CFrontFormation"],
        ["FirstOrder", "Patrol"],
        ["Path", ["NavPoint_Rus85PlayerAttack"]],
        ["CyclePath", false],
        ["MinDifficulty", 0]
      ]
    ],

    [
      "Russian_TankGroup2_76_1",
      "GameObject",
      "CTankT34_85_44Unit",
      new Matrix(
          -0.235263, -0.971894, -0.008557, 5024.993164,
          0.971857, -0.235345, 0.010346, 3949.043945,
          -0.012069, -0.005882, 0.999910, 586.250122,
          0.000000, 0.000000, 0.000000, 1.000000
        ),
      [
        ["Affiliation", "FRIEND"],
        ["BehRadarMask", [["ENEMY", "MainMesh"], ["FRIEND", "HUMAN"]]],
        ["Task", "CC1M6RusTank76Task2"],
        ["Number", "22_24"]
      ]
    ],

    [
      "Russian_TankGroup2_76_2",
      "GameObject",
      "CTankT34_85_44Unit",
      new Matrix(
          -0.229475, -0.973291, -0.006702, 5001.529297,
          0.973202, -0.229548, 0.013619, 3937.351807,
          -0.014794, -0.003397, 0.999885, 586.301453,
          0.000000, 0.000000, 0.000000, 1.000000
        ),
      [
        ["Affiliation", "FRIEND"],
        ["BehRadarMask", [["ENEMY", "MainMesh"], ["FRIEND", "HUMAN"]]],
        ["Task", "CC1M6RusTank76Task2"],
        ["Number", "22_25"]
      ]
    ],

    [
      "Russian_TankGroup2_76_3",
      "GameObject",
      "CTankT34_85_44Unit",
      new Matrix(
          -0.202393, -0.978041, 0.049732, 4978.240234,
          0.979274, -0.202525, 0.002415, 3931.333740,
          0.007710, 0.049190, 0.998760, 586.795227,
          0.000000, 0.000000, 0.000000, 1.000000
        ),
      [
        ["Affiliation", "FRIEND"],
        ["BehRadarMask", [["ENEMY", "MainMesh"], ["FRIEND", "HUMAN"]]],
        ["Task", "CC1M6RusTank76Task2"],
        ["Number", "22_26"]
      ]
    ],

    [
      "CC1M6RusGroup2_76Tank",
      "UnitGroup",
      "CC1M6RusGroup2_76Tank",
      new Matrix(
          -0.235263, -0.971894, -0.008546, 5024.993164,
          0.971857, -0.235345, 0.010345, 3949.043945,
          -0.012066, -0.005872, 0.999910, 586.250244,
          0.000000, 0.000000, 0.000000, 1.000000
        ),
      [
        ["Units", ["Russian_TankGroup2_76_1", "Russian_TankGroup2_76_2", "Russian_TankGroup2_76_3"]],
        ["DelayedOrder", true],
        ["MovingSpeed", 4],
        ["CyclePath", false],
        ["MinDifficulty", 0]
      ]
    ],

    [
      "Russian_TankGroup1_85_1",
      "GameObject",
      "CTankT34_85_44Unit",
      new Matrix(
          0.999715, 0.016885, -0.016872, 3531.298584,
          -0.015087, 0.994715, 0.101558, 4916.996582,
          0.018497, -0.101274, 0.994686, 559.564331,
          0.000000, 0.000000, 0.000000, 1.000000
        ),
      [
        ["Affiliation", "FRIEND"],
        ["BehRadarMask", [["ENEMY", "MainMesh"], ["FRIEND", "HUMAN"]]],
        ["Task", "CC1M6RusTank85Task"],
        ["Number", "22_13"]
      ]
    ],

    [
      "Russian_TankGroup1_85_2",
      "GameObject",
      "CTankT34_85_44Unit",
      new Matrix(
          0.998089, 0.052973, -0.031800, 3526.790039,
          -0.050872, 0.996678, 0.063592, 4951.337402,
          0.035063, -0.061853, 0.997469, 557.169250,
          0.000000, 0.000000, 0.000000, 1.000000
        ),
      [
        ["Affiliation", "FRIEND"],
        ["BehRadarMask", [["ENEMY", "MainMesh"], ["FRIEND", "HUMAN"]]],
        ["Task", "CC1M6RusTank85Task"],
        ["Number", "22_14"]
      ]
    ],

    [
      "Russian_TankGroup1_85_3",
      "GameObject",
      "CTankT34_85_44Unit",
      new Matrix(
          0.998769, 0.043918, 0.023038, 3551.383301,
          -0.045046, 0.997683, 0.050983, 4975.242676,
          -0.020745, -0.051958, 0.998434, 555.967590,
          0.000000, 0.000000, 0.000000, 1.000000
        ),
      [
        ["Affiliation", "FRIEND"],
        ["BehRadarMask", [["ENEMY", "MainMesh"], ["FRIEND", "HUMAN"]]],
        ["Task", "CC1M6RusTank85Task"],
        ["Number", "22_28"]
      ]
    ],

    [
      "CC1M6RusGroup1_85Tank",
      "UnitGroup",
      "CC1M6RusGroup1_85Tank",
      new Matrix(
          0.999715, 0.016886, -0.016871, 3531.298584,
          -0.015087, 0.994714, 0.101574, 4916.996582,
          0.018497, -0.101290, 0.994685, 559.564270,
          0.000000, 0.000000, 0.000000, 1.000000
        ),
      [
        ["Units", ["Russian_TankGroup1_85_1", "Russian_TankGroup1_85_2", "Russian_TankGroup1_85_3"]],
        ["DelayedOrder", true],
        ["MovingSpeed", 4],
        ["CyclePath", false],
        ["MinDifficulty", 0]
      ]
    ],

    [
      "German_TankGroup_T4_1",
      "GameObject",
      "CTankPzIVGUnit",
      new Matrix(
          0.462558, 0.886427, 0.016941, 4667.781250,
          -0.886406, 0.462766, -0.011457, 5059.451172,
          -0.017996, -0.009717, 0.999791, 556.705139,
          0.000000, 0.000000, 0.000000, 1.000000
        ),
      [
        ["Affiliation", "ENEMY"],
        ["Task", "CC1M6GerT4Task1"],
        ["Number", "331"]
      ]
    ],

    [
      "German_TankGroup_T4_2",
      "GameObject",
      "CTankPzIVGUnit",
      new Matrix(
          0.307044, 0.951535, -0.017485, 4713.973145,
          -0.951689, 0.307056, -0.002062, 5079.235840,
          0.003407, 0.017274, 0.999845, 555.874451,
          0.000000, 0.000000, 0.000000, 1.000000
        ),
      [
        ["Affiliation", "ENEMY"],
        ["Task", "CC1M6GerT4Task1"],
        ["Number", "332"]
      ]
    ],

    [
      "German_TankGroup_T4_3",
      "GameObject",
      "CTankPzIVGUnit",
      new Matrix(
          0.030054, 0.999316, -0.021541, 4685.863281,
          -0.999451, 0.029743, -0.014620, 5077.691406,
          -0.013970, 0.021968, 0.999661, 556.203308,
          0.000000, 0.000000, 0.000000, 1.000000
        ),
      [
        ["Affiliation", "ENEMY"],
        ["Task", "CC1M6GerT4Task1"],
        ["Number", "333"]
      ]
    ],

    [
      "German_TankGroup_T4_4",
      "GameObject",
      "CTankPzIVGUnit",
      new Matrix(
          0.270295, 0.962732, -0.009355, 4733.776367,
          -0.962674, 0.270110, -0.017315, 5090.925293,
          -0.014143, 0.013685, 0.999806, 556.210938,
          0.000000, 0.000000, 0.000000, 1.000000
        ),
      [
        ["Affiliation", "ENEMY"],
        ["Task", "CC1M6GerT4Task2"],
        ["Number", "334"]
      ]
    ],

    [
      "German_TankGroup_T4_5",
      "GameObject",
      "CTankPzIVGUnit",
      new Matrix(
          0.368193, 0.926268, -0.080379, 4774.310547,
          -0.929676, 0.367870, -0.019331, 5103.266602,
          0.011663, 0.081844, 0.996577, 558.017334,
          0.000000, 0.000000, 0.000000, 1.000000
        ),
      [
        ["Affiliation", "ENEMY"],
        ["Task", "CC1M6GerT4Task2"],
        ["Number", "121"]
      ]
    ],

    [
      "CC1M6GerGroup1_T4Tank",
      "UnitGroup",
      "CC1M6GerGroup1_T4Tank",
      new Matrix(
          0.462764, 0.886036, 0.028089, 4667.781250,
          -0.886412, 0.462891, 0.002197, 5059.451172,
          -0.011055, -0.025915, 0.999603, 556.640320,
          0.000000, 0.000000, 0.000000, 1.000000
        ),
      [
        ["Units", ["German_TankGroup_T4_1", "German_TankGroup_T4_2", "German_TankGroup_T4_3"]],
        ["DelayedOrder", true],
        ["MovingSpeed", 4],
        ["CyclePath", false],
        ["MinDifficulty", 0]
      ]
    ],

    [
      "CC1M6GerGroup2_T4Tank",
      "UnitGroup",
      "CC1M6GerGroup2_T4Tank",
      new Matrix(
          0.270244, 0.962663, -0.015718, 4733.776367,
          -0.962731, 0.270007, -0.015669, 5090.925293,
          -0.010840, 0.019366, 0.999754, 556.225769,
          0.000000, 0.000000, 0.000000, 1.000000
        ),
      [
        ["Units", ["German_TankGroup_T4_4", "German_TankGroup_T4_5"]],
        ["DelayedOrder", true],
        ["MovingSpeed", 4],
        ["CyclePath", false],
        ["MinDifficulty", 0]
      ]
    ],

    [
      "CC1M6Gr_leftPak_1",
      "UnitGroup",
      "BaseZisGroup",
      new Matrix(
          -0.982428, 0.186641, 0.000000, 4624.600098,
          -0.186641, -0.982428, 0.000000, 4865.728516,
          0.000000, 0.000000, 1.000000, 557.530273,
          0.000000, 0.000000, 0.000000, 1.000000
        ),
      [
        ["Units", ["German_Pak40_1", "CanoneerPak_1_1", "CanoneerPak_1_2"]],
        ["GroupEnemyReaction", "ERT_AGGRESSIVE"]
      ]
    ],

    [
      "German_Pak40_1",
      "GameObject",
      "CGunPak40Unit",
      new Matrix(
          -0.908844, 0.415176, -0.040389, 4622.617188,
          -0.416032, -0.909220, 0.015388, 4864.012695,
          -0.030334, 0.030788, 0.999065, 558.266479,
          0.000000, 0.000000, 0.000000, 1.000000
        ),
      [
        ["Affiliation", "ENEMY"],
        ["Task", "CC1M6GerPak40Task1"]
      ]
    ],

    [
      "CanoneerPak_1_1",
      "GameObject",
      "CGermanSoldierRifleUnit",
      new Matrix(
          -0.982428, 0.186641, 0.000000, 4624.600098,
          -0.186641, -0.982428, 0.000000, 4865.728516,
          0.000000, 0.000000, 1.000000, 558.244324,
          0.000000, 0.000000, 0.000000, 1.000000
        ),
      [
        ["SurfaceControl", "PutonGroundUpright"],
        ["Affiliation", "ENEMY"],
        ["Guncrew", true],
        ["Task", "CBaseAITask"]
      ]
    ],

    [
      "CanoneerPak_1_2",
      "GameObject",
      "CGermanSoldierRifleUnit",
      new Matrix(
          -0.982428, 0.186641, 0.000000, 4624.743164,
          -0.186641, -0.982428, 0.000000, 4864.314453,
          0.000000, 0.000000, 1.000000, 558.273743,
          0.000000, 0.000000, 0.000000, 1.000000
        ),
      [
        ["SurfaceControl", "PutonGroundUpright"],
        ["Affiliation", "ENEMY"],
        ["Guncrew", true],
        ["Task", "CBaseAITask"]
      ]
    ],

    [
      "CC1M6Gr_leftPak_2",
      "UnitGroup",
      "BaseZisGroup",
      new Matrix(
          -0.982428, 0.186641, 0.000000, 4628.133789,
          -0.186641, -0.982428, 0.000000, 4909.684570,
          0.000000, 0.000000, 1.000000, 557.629944,
          0.000000, 0.000000, 0.000000, 1.000000
        ),
      [
        ["Units", ["German_Pak40_2", "CanoneerPak_2_1", "CanoneerPak_2_2"]],
        ["GroupEnemyReaction", "ERT_AGGRESSIVE"]
      ]
    ],

    [
      "German_Pak40_2",
      "GameObject",
      "CGunPak40Unit",
      new Matrix(
          -0.982371, 0.186442, -0.013666, 4625.145020,
          -0.186634, -0.982323, 0.014430, 4909.808594,
          -0.010734, 0.016727, 0.999802, 557.995178,
          0.000000, 0.000000, 0.000000, 1.000000
        ),
      [
        ["Affiliation", "ENEMY"],
        ["Task", "CC1M6GerPak40Task1"]
      ]
    ],

    [
      "CanoneerPak_2_2",
      "GameObject",
      "CGermanSoldierRifleUnit",
      new Matrix(
          -0.982428, 0.186641, 0.000000, 4627.757813,
          -0.186641, -0.982428, 0.000000, 4911.109375,
          0.000000, 0.000000, 1.000000, 557.871399,
          0.000000, 0.000000, 0.000000, 1.000000
        ),
      [
        ["SurfaceControl", "PutonGroundUpright"],
        ["Affiliation", "ENEMY"],
        ["Guncrew", true],
        ["Task", "CBaseAITask"]
      ]
    ],

    [
      "CanoneerPak_2_1",
      "GameObject",
      "CGermanSoldierRifleUnit",
      new Matrix(
          -0.982428, 0.186641, 0.000000, 4628.133789,
          -0.186641, -0.982428, 0.000000, 4909.684570,
          0.000000, 0.000000, 1.000000, 557.894165,
          0.000000, 0.000000, 0.000000, 1.000000
        ),
      [
        ["SurfaceControl", "PutonGroundUpright"],
        ["Affiliation", "ENEMY"],
        ["Guncrew", true],
        ["Task", "CBaseAITask"]
      ]
    ],

    [
      "German_Stug_1",
      "GameObject",
      "CSAUStuG40Unit",
      new Matrix(
          0.028739, 0.998055, 0.055318, 4757.030762,
          -0.999027, 0.026827, 0.035002, 4847.439941,
          0.033450, -0.056271, 0.997855, 562.214417,
          0.000000, 0.000000, 0.000000, 1.000000
        ),
      [
        ["Affiliation", "ENEMY"],
        ["Task", "CC1M6GerStugTask2"],
        ["Number", "r213"],
        ["HitPoints", 1000.000000],
        ["SurfaceControl", "PutonGroundLandingJoints"],
        ["Route", []],
        ["ShadowPlaneOffset", 0.050000],
        ["FakeShadowOffset", 0.090000]
      ]
    ],

    [
      "German_Stug_2",
      "GameObject",
      "CSAUStuG40Unit",
      new Matrix(
          0.037255, 0.999196, 0.014808, 4789.702148,
          -0.998851, 0.036787, 0.030722, 4856.753418,
          0.030153, -0.015935, 0.999418, 561.295715,
          0.000000, 0.000000, 0.000000, 1.000000
        ),
      [
        ["Affiliation", "ENEMY"],
        ["Task", "CC1M6GerStugTask2"],
        ["Number", "r212"],
        ["HitPoints", 1000.000000],
        ["SurfaceControl", "PutonGroundLandingJoints"],
        ["Route", []],
        ["ShadowPlaneOffset", 0.050000],
        ["FakeShadowOffset", 0.090000]
      ]
    ],

    [
      "German_Stug_3",
      "GameObject",
      "CSAUStuG40Unit",
      new Matrix(
          0.038142, 0.998788, 0.031106, 4815.079590,
          -0.998794, 0.037143, 0.032092, 4860.227539,
          0.030898, -0.032293, 0.999001, 560.734558,
          0.000000, 0.000000, 0.000000, 1.000000
        ),
      [
        ["Affiliation", "ENEMY"],
        ["Task", "CC1M6GerStugTask2"],
        ["Number", "r231"],
        ["HitPoints", 1000.000000],
        ["SurfaceControl", "PutonGroundLandingJoints"],
        ["Route", []],
        ["ShadowPlaneOffset", 0.050000],
        ["FakeShadowOffset", 0.090000]
      ]
    ],

    [
      "CC1M6GerGroup_Pak1",
      "UnitGroup",
      "CC1M6GerGroup_Pak1",
      new Matrix(
          -0.909173, 0.416035, -0.017882, 4622.617188,
          -0.416085, -0.909325, -0.001021, 4864.012695,
          -0.016685, 0.006512, 0.999839, 557.642212,
          0.000000, 0.000000, 0.000000, 1.000000
        ),
      [
        ["Units", ["German_Pak40_1", "German_Pak40_2"]],
        ["MinDifficulty", 0]
      ]
    ],

    [
      "CC1M6GerGroup_Pak2",
      "UnitGroup",
      "CC1M6GerGroup_Pak2",
      new Matrix(
          0.034419, 0.985528, 0.165979, 4757.030762,
          -0.997157, 0.022726, 0.071839, 4847.439941,
          0.067028, -0.167980, 0.983509, 562.484497,
          0.000000, 0.000000, 0.000000, 1.000000
        ),
      [
        ["Units", ["German_Stug_1", "German_Stug_2", "German_Stug_3"]],
        ["MinDifficulty", 0]
      ]
    ],

    [
      "German_Dzot_1",
      "GameObject",
      "CDotConcreteUnit",
      new Matrix(
          0.837604, 0.546259, 0.004603, 5194.242188,
          -0.546278, 0.837577, 0.006657, 4823.747559,
          -0.000219, -0.008091, 0.999967, 547.212646,
          0.000000, 0.000000, 0.000000, 1.000000
        ),
      [
        ["Affiliation", "ENEMY"],
        ["Task", "CC1M6GerDzotTask"],
        ["HitPoints", 100.000000],
        ["SurfaceControl", "PutonGround"],
        ["Route", []],
        ["ShadowPlaneOffset", 0.050000]
      ]
    ],

    [
      "German_Dzot_2",
      "GameObject",
      "CDotConcreteUnit",
      new Matrix(
          0.969601, -0.229199, -0.085680, 5170.373535,
          0.227633, 0.973351, -0.027753, 4923.614746,
          0.089758, 0.007406, 0.995936, 551.961243,
          0.000000, 0.000000, 0.000000, 1.000000
        ),
      [
        ["Affiliation", "ENEMY"],
        ["Task", "CC1M6GerDzotTask"],
        ["HitPoints", 100.000000],
        ["SurfaceControl", "PutonGround"],
        ["Route", []],
        ["ShadowPlaneOffset", 0.050000],
        ["FakeShadowOffset", 0.090000]
      ]
    ],

    [
      "German_Sau_1",
      "GameObject",
      "CSAUStuG40Unit",
      new Matrix(
          0.889416, 0.444593, 0.106191, 5163.269043,
          -0.449173, 0.893156, 0.022702, 4798.294922,
          -0.084752, -0.067889, 0.994086, 549.967468,
          0.000000, 0.000000, 0.000000, 1.000000
        ),
      [
        ["Affiliation", "ENEMY"],
        ["Task", "CBaseAISAUTask"],
        ["Number", "r233"],
        ["HitPoints", 1000.000000],
        ["SurfaceControl", "PutonGroundLandingJoints"],
        ["Route", []],
        ["ShadowPlaneOffset", 0.050000]
      ]
    ],

    [
      "German_Sau_2",
      "GameObject",
      "CSAUStuG40Unit",
      new Matrix(
          0.914156, 0.405357, 0.002233, 5131.864746,
          -0.405360, 0.914156, 0.001415, 4735.279297,
          -0.001468, -0.002199, 0.999996, 550.954712,
          0.000000, 0.000000, 0.000000, 1.000000
        ),
      [
        ["Affiliation", "ENEMY"],
        ["Task", "CBaseAISAUTask"],
        ["Number", "r232"],
        ["HitPoints", 1000.000000],
        ["SurfaceControl", "PutonGroundLandingJoints"],
        ["Route", []],
        ["ShadowPlaneOffset", 0.050000]
      ]
    ],

    [
      "German_Sau_3",
      "GameObject",
      "CSAUStuG40Unit",
      new Matrix(
          0.918931, 0.394419, -0.000010, 5194.099609,
          -0.394419, 0.918931, 0.000000, 4861.191406,
          0.000009, 0.000004, 1.000000, 548.018616,
          0.000000, 0.000000, 0.000000, 1.000000
        ),
      [
        ["Affiliation", "ENEMY"],
        ["Task", "CBaseAISAUTask"],
        ["Number", "r222"],
        ["HitPoints", 1000.000000],
        ["SurfaceControl", "PutonGroundLandingJoints"],
        ["Route", []],
        ["ShadowPlaneOffset", 0.050000]
      ]
    ],

    [
      "CC1M6GerGroup_Stug",
      "UnitGroup",
      "CC1M6GerGroup_Stug",
      new Matrix(
          0.889413, 0.444596, 0.106202, 5163.269043,
          -0.449174, 0.893157, 0.022667, 4798.294922,
          -0.084778, -0.067864, 0.994086, 549.967468,
          0.000000, 0.000000, 0.000000, 1.000000
        ),
      [
        ["Units", ["German_Sau_1", "German_Sau_2", "German_Sau_3"]],
        ["DelayedOrder", true],
        ["MovingSpeed", 4],
        ["CyclePath", false],
        ["MinDifficulty", 0]
      ]
    ],

    [
      "GermanSoldierGroup1_0",
      "GameObject",
      "CGermanSoldierRifleUnit",
      new Matrix(
          0.637907, 0.770114, 0.000000, 4817.943848,
          -0.770114, 0.637907, 0.000000, 5109.063965,
          0.000000, 0.000000, 1.000000, 561.296753,
          0.000000, 0.000000, 0.000000, 1.000000
        ),
      [
        ["Affiliation", "ENEMY"],
        ["Task", "CC1M6GerSoldierGroupTask"]
      ]
    ],

    [
      "GermanSoldierGroup1_1",
      "GameObject",
      "CGermanSoldierRifleUnit",
      new Matrix(
          0.707061, 0.707153, 0.000000, 4808.820313,
          -0.707153, 0.707061, 0.000000, 5104.177734,
          0.000000, 0.000000, 1.000000, 560.466003,
          0.000000, 0.000000, 0.000000, 1.000000
        ),
      [
        ["Affiliation", "ENEMY"],
        ["Task", "CC1M6GerSoldierGroupTask"]
      ]
    ],

    [
      "GermanSoldierGroup1_2",
      "GameObject",
      "CGermanSoldierRifleUnit",
      new Matrix(
          0.246230, 0.969211, 0.000000, 4804.981934,
          -0.969211, 0.246230, 0.000000, 5103.387695,
          0.000000, 0.000000, 1.000000, 560.095337,
          0.000000, 0.000000, 0.000000, 1.000000
        ),
      [
        ["Affiliation", "ENEMY"],
        ["Task", "CC1M6GerSoldierGroupTask"]
      ]
    ],

    [
      "GermanSoldierGroup1_3",
      "GameObject",
      "CGermanSoldierRifleUnit",
      new Matrix(
          0.614017, 0.789293, 0.000000, 4821.480469,
          -0.789293, 0.614017, 0.000000, 5108.110352,
          0.000000, 0.000000, 1.000000, 561.149231,
          0.000000, 0.000000, 0.000000, 1.000000
        ),
      [
        ["Affiliation", "ENEMY"],
