//-------------------------------------------------------------------
//
//  This code is copyright 2001 by G5 Software.
//  Any unauthorized usage, either in part or in whole of this code
//  is strictly prohibited. Violators WILL be prosecuted to the
//  maximum extent allowed by law.
//	  REDUX A&C Check
//-------------------------------------------------------------------
//
//  Automatically-generated mission script file
//  DO NOT EDIT!
//
//-------------------------------------------------------------------


class CC1M4Content
{
  static String m_ObjectListClassFile = "Missions/Campaign_1/Mission_4/Content.script";
  static String m_ObjectListClassName = "CC1M4Content";

  static Array  m_MissionObjectList   = [
    [
      "Atmosphere",
      "",
      "",
      new Matrix(
          1.000000, 0.000000, 0.000000, 0.000000,
          0.000000, 1.000000, 0.000000, 0.000000,
          0.000000, 0.000000, 1.000000, 0.000000,
          0.000000, 0.000000, 0.000000, 1.000000
        ),
      [
        ["AmbientLight", new Color(0.152941, 0.145098, 0.078431, 1.000000)],
        ["AntiSunAngle", 10.000000],
        ["AntiSunColor", new Color(0.811765, 0.819608, 0.854902, 0.000000)],
        ["AntiSunIntensity", 0.400000],
        ["EnableHorizontAdjustment", true],
        ["FogColorXPos", new Color(0.976471, 0.988235, 1.000000, 1.000000)],
        ["FogColorXNeg", new Color(0.976471, 0.988235, 1.000000, 1.000000)],
        ["FogColorYPos", new Color(0.976471, 0.988235, 1.000000, 1.000000)],
        ["FogColorYNeg", new Color(0.976471, 0.988235, 1.000000, 1.000000)],
        ["FogDensity", 0.000500],
        ["FogNear", 10.000000],
        ["FogFar", 800.000000],
        ["FogFarMax", 3500.000000],
        ["FogMode", "Exp"],
        ["ShadowColor", new Color(0.325490, 0.325490, 0.325490, 1.000000)],
        ["SunColor", new Color(1.000000, 1.000000, 1.000000, 0.000000)],
        ["SunDirection", new Vector(-0.005952, -0.155542, -0.305348)],
        ["SunIntensity", 1.000000],
        ["TreeLightKoef", 0.700000],
        ["TreeNormalRelax", 0.000000],
        ["TreeShadowLodDistance", 25.000000],
        ["AntiSunHorAngle", 105.000000],
        ["BlindColor", new Color(1.000000, 1.000000, 1.000000, 1.000000)],
        ["DistanceToSun", 2000.000000]
      ]
    ],

    [
      "Terrain",
      "",
      "",
      new Matrix(
          1.000000, 0.000000, 0.000000, 0.000000,
          0.000000, 1.000000, 0.000000, 0.000000,
          0.000000, 0.000000, 1.000000, 0.000000,
          0.000000, 0.000000, 0.000000, 1.000000
        ),
      [
        ["ForestTextureScale", 0.500000],
        ["ForestShadowBorderScale", 0.400000],
        ["ForestShadowAlphaScale", 0.500000],
        ["ForestBeginFadeDist", [250.000000, 480.000000]],        
        ["VertForestDistMin", 800.000000],
        ["VertForestDistMax", 8000.000000],
        ["VertForestAngleMin", 0.000000],
        ["VertForestAngleMax", 45.000000],
        ["VertForestBeginFadeDist", [250.000000, 410.000000]],
        ["TerrainShadowPower", 1.000000],
        ["IsAntiLighting", true],            
		["NormalNoise", 0.300000],
        ["WaterBorderColor", new Color(0.556863, 0.521569, 0.443137, 1.000000)],
        ["WaterFresnelPower", 2.000000],      
        ["ReflectDistortion", 0.050000],
        ["ReflectTextureShift", 0.000000]
      ]
    ],

    [
      "NavPoint_Village_Viso4ani",
      "NavPoint",
      "CZAxisCylNavPoint",
      new Matrix(
          -0.874087, 0.485769, 0.000000, 4844.915039,
          -0.485769, -0.874087, 0.000000, 6754.816895,
          0.000000, 0.000000, 1.000000, 584.055298,
          0.000000, 0.000000, 0.000000, 1.000000
        ),
      [
        ["Range", 1.000000]
      ]
    ],

    [
      "NavPoint_Village_Kurtenki",
      "NavPoint",
      "CZAxisCylNavPoint",
      new Matrix(
          -0.874087, 0.485769, 0.000000, 4924.174316,
          -0.485769, -0.874087, 0.000000, 3259.899902,
          0.000000, 0.000000, 1.000000, 581.011292,
          0.000000, 0.000000, 0.000000, 1.000000
        ),
      [
        ["Range", 1.000000]
      ]
    ],

    [
      "CC1M4RussianPanzer_Group1",
      "UnitGroup",
      "CC1M4RussianPanzer_Group1",
      new Matrix(
          0.865872, -0.498671, 0.039905, 4698.606445,
          0.497479, 0.849900, -0.173737, 3744.436523,
          0.052723, 0.170286, 0.983983, 595.761780,
          0.000000, 0.000000, 0.000000, 1.000000
        ),
      [
        ["Units", ["MainPlayerUnit_Tank_1_T34_85", "MainPlayerUnit_Tank_2_T34_85", "MainPlayerUnit_Tank_3_T34_85"]],
        ["Path", ["Path_Russian_Vysochany_1", "Path_Russian_Vysochany_2", "Path_Russian_Vysochany_3", "Path_Russian_Vysochany_4", "Path_Russian_Vysochany_5", "Path_Russian_Vysochany_6", "Path_Russian_Vysochany_6_1"]],
        ["DelayedOrder", true],
        ["Formation", "Column"],
        ["FormationDistance", 35],
        ["MovingSpeed", 4],
        ["FirstOrder", "Patrol"],
        ["CyclePath", false],
        ["MinDifficulty", 0]
      ]
    ],

    [
      "MainPlayerUnit",
      "GameObject",
      "CTankT34_85_44Unit",
      new Matrix(
          0.882496, -0.470319, -0.000016, 4686.704590,
          0.470319, 0.882496, 0.000000, 3774.784180,
          0.000014, -0.000007, 1.000000, 597.906677,
          0.000000, 0.000000, 0.000000, 1.000000
        ),
      [
        ["IsPlayer", true],
        ["IsManual", true],
        ["Affiliation", "FRIEND"],
        ["SurfaceControl", "None"],
        ["Number", "22_18"],
        ["HitPoints", 1000.000000],
        ["Route", []],
        ["ShadowPlaneOffset", 0.050000]
      ]
    ],

    [
      "MainPlayerUnit_Tank_2_T34_85",
      "GameObject",
      "CTankT34_85_44Unit",
      new Matrix(
          0.908285, -0.417225, 0.030673, 4692.865723,
          0.417578, 0.899714, -0.127058, 3751.018311,
          0.025415, 0.128213, 0.991421, 596.898376,
          0.000000, 0.000000, 0.000000, 1.000000
        ),
      [
        ["IsPlayer", false],
        ["Affiliation", "FRIEND"],
        ["Task", "CC1M4RussianPanzerGroup1Task"],
        ["Number", "22_26"]
      ]
    ],

    [
      "MainPlayerUnit_Tank_1_T34_85",
      "GameObject",
      "CTankT34_85_44Unit",
      new Matrix(
          0.865872, -0.498671, 0.039911, 4698.606445,
          0.497481, 0.849900, -0.173731, 3744.436523,
          0.052715, 0.170284, 0.983984, 595.761719,
          0.000000, 0.000000, 0.000000, 1.000000
        ),
      [
        ["Affiliation", "FRIEND"],
        ["Task", "CC1M4RussianPanzerGroup1Task"],
        ["Number", "22_28"],
        ["IsPlayer", false]
      ]
    ],

    [
      "MainPlayerUnit_Tank_3_T34_85",
      "GameObject",
      "CTankT34_85_44Unit",
      new Matrix(
          0.855793, -0.517318, -0.000358, 4691.624023,
          0.517315, 0.855790, -0.002776, 3763.768066,
          0.001742, 0.002191, 0.999996, 597.891357,
          0.000000, 0.000000, 0.000000, 1.000000
        ),
      [
        ["Affiliation", "FRIEND"],
        ["Task", "CC1M4RussianPanzerGroup1Task"],
        ["Number", "22_25"],
        ["IsPlayer", false]
      ]
    ],

    [
      "Path_Russian_Vysochany_1",
      "NavPoint",
      "CZAxisCylNavPoint",
      new Matrix(
          0.006034, -0.999982, 0.000000, 4759.627441,
          0.999982, 0.006034, 0.000000, 3769.359131,
          0.000000, 0.000000, 1.000000, 592.403198,
          0.000000, 0.000000, 0.000000, 1.000000
        ),
      [
        ["Range", 1.000000]
      ]
    ],

    [
      "Path_Russian_Vysochany_2",
      "NavPoint",
      "CZAxisCylNavPoint",
      new Matrix(
          0.006034, -0.999982, 0.000000, 4777.257324,
          0.999982, 0.006034, 0.000000, 3792.352539,
          0.000000, 0.000000, 1.000000, 576.373291,
          0.000000, 0.000000, 0.000000, 1.000000
        ),
      [
        ["Range", 1.000000]
      ]
    ],

    [
      "Path_Russian_Vysochany_3",
      "NavPoint",
      "CZAxisCylNavPoint",
      new Matrix(
          0.006034, -0.999982, 0.000000, 4795.680664,
          0.999982, 0.006034, 0.000000, 3810.795654,
          0.000000, 0.000000, 1.000000, 581.950989,
          0.000000, 0.000000, 0.000000, 1.000000
        ),
      [
        ["Range", 1.000000]
      ]
    ],

    [
      "Path_Russian_Vysochany_4",
      "NavPoint",
      "CZAxisCylNavPoint",
      new Matrix(
          0.006034, -0.999982, 0.000000, 4856.250977,
          0.999982, 0.006034, 0.000000, 3897.225586,
          0.000000, 0.000000, 1.000000, 588.749756,
          0.000000, 0.000000, 0.000000, 1.000000
        ),
      [
        ["Range", 1.000000]
      ]
    ],

    [
      "Path_Russian_Vysochany_5",
      "NavPoint",
      "CZAxisCylNavPoint",
      new Matrix(
          0.006034, -0.999982, 0.000000, 4864.848145,
          0.999982, 0.006034, 0.000000, 4073.609131,
          0.000000, 0.000000, 1.000000, 596.082520,
          0.000000, 0.000000, 0.000000, 1.000000
        ),
      [
        ["Range", 1.000000]
      ]
    ],

    [
      "Path_Russian_Vysochany_6",
      "NavPoint",
      "CZAxisCylNavPoint",
      new Matrix(
          0.006034, -0.999982, 0.000000, 4891.362305,
          0.999982, 0.006034, 0.000000, 4196.188477,
          0.000000, 0.000000, 1.000000, 616.530334,
          0.000000, 0.000000, 0.000000, 1.000000
        ),
      [
        ["Range", 1.000000]
      ]
    ],

    [
      "Path_Russian_Vysochany_7",
      "NavPoint",
      "CZAxisCylNavPoint",
      new Matrix(
          0.006034, -0.999982, 0.000000, 4883.597168,
          0.999982, 0.006034, 0.000000, 4459.287598,
          0.000000, 0.000000, 1.000000, 627.683533,
          0.000000, 0.000000, 0.000000, 1.000000
        ),
      [
        ["Range", 21.000000],
        ["Detect", true],
        ["Mask", [["TANK"], []]]
      ]
    ],

    [
      "Path_Russian_Vysochany_8",
      "NavPoint",
      "CZAxisCylNavPoint",
      new Matrix(
          0.006034, -0.999982, 0.000000, 4786.769531,
          0.999982, 0.006034, 0.000000, 4609.542480,
          0.000000, 0.000000, 1.000000, 626.634827,
          0.000000, 0.000000, 0.000000, 1.000000
        ),
      [
        ["Range", 1.000000]
      ]
    ],

    [
      "Path_Russian_Vysochany_9",
      "NavPoint",
      "CZAxisCylNavPoint",
      new Matrix(
          0.006034, -0.999982, 0.000000, 4749.625977,
          0.999982, 0.006034, 0.000000, 4767.521973,
          0.000000, 0.000000, 1.000000, 630.226379,
          0.000000, 0.000000, 0.000000, 1.000000
        ),
      [
        ["Range", 1.000000]
      ]
    ],

    [
      "Path_Russian_Vysochany_10",
      "NavPoint",
      "CZAxisCylNavPoint",
      new Matrix(
          0.006034, -0.999982, 0.000000, 4863.303223,
          0.999982, 0.006034, 0.000000, 4963.077148,
          0.000000, 0.000000, 1.000000, 653.150940,
          0.000000, 0.000000, 0.000000, 1.000000
        ),
      [
        ["Range", 1.000000]
      ]
    ],

    [
      "Path_Russian_Vysochany_11",
      "NavPoint",
      "CZAxisCylNavPoint",
      new Matrix(
          0.006034, -0.999982, 0.000000, 5017.173828,
          0.999982, 0.006034, 0.000000, 5270.468262,
          0.000000, 0.000000, 1.000000, 660.337280,
          0.000000, 0.000000, 0.000000, 1.000000
        ),
      [
        ["Range", 1.000000]
      ]
    ],

    [
      "Path_Russian_Vysochany_12",
      "NavPoint",
      "CZAxisCylNavPoint",
      new Matrix(
          0.006034, -0.999982, 0.000000, 5100.195801,
          0.999982, 0.006034, 0.000000, 5358.905762,
          0.000000, 0.000000, 1.000000, 670.825439,
          0.000000, 0.000000, 0.000000, 1.000000
        ),
      [
        ["Range", 1.000000]
      ]
    ],

    [
      "Path_Russian_Vysochany_13",
      "NavPoint",
      "CZAxisCylNavPoint",
      new Matrix(
          0.006034, -0.999982, 0.000000, 5079.061523,
          0.999982, 0.006034, 0.000000, 5504.138184,
          0.000000, 0.000000, 1.000000, 632.432495,
          0.000000, 0.000000, 0.000000, 1.000000
        ),
      [
        ["Range", 5.000000],
        ["Detect", true],
        ["Mask", [["TANK"], []]]
      ]
    ],

    [
      "MainPlayerUnit_Tank_1_NavPoint",
      "NavPoint",
      "CZAxisCylNavPoint",
      new Matrix(
          0.006034, -0.999982, 0.000000, 5022.536133,
          0.999982, 0.006034, 0.000000, 5600.736816,
          0.000000, 0.000000, 1.000000, 629.320923,
          0.000000, 0.000000, 0.000000, 1.000000
        ),
      [
        ["Range", 5.000000],
        ["Detect", true],
        ["Mask", [["TANK"], []]]
      ]
    ],

    [
      "MainPlayerUnit_Tank_2_NavPoint",
      "NavPoint",
      "CZAxisCylNavPoint",
      new Matrix(
          0.006034, -0.999982, 0.000000, 5050.523926,
          0.999982, 0.006034, 0.000000, 5610.236816,
          0.000000, 0.000000, 1.000000, 627.158569,
          0.000000, 0.000000, 0.000000, 1.000000
        ),
      [
        ["Range", 5.000000],
        ["Detect", true],
        ["Mask", [["TANK"], []]]
      ]
    ],

    [
      "MainPlayerUnit_Tank_3_NavPoint",
      "NavPoint",
      "CZAxisCylNavPoint",
      new Matrix(
          0.006034, -0.999982, 0.000000, 5078.628906,
          0.999982, 0.006034, 0.000000, 5619.840332,
          0.000000, 0.000000, 1.000000, 626.774841,
          0.000000, 0.000000, 0.000000, 1.000000
        ),
      [
        ["Range", 5.000000],
        ["Detect", true],
        ["Mask", [["TANK"], []]]
      ]
    ],

    [
      "CC1M6Gr_BatteryPak_1",
      "UnitGroup",
      "BaseZisGroup",
      new Matrix(
          -0.290785, 0.956788, 0.000000, 4927.385254,
          -0.956788, -0.290785, 0.000000, 6587.572754,
          0.000000, 0.000000, 1.000000, 585.699951,
          0.000000, 0.000000, 0.000000, 1.000000
        ),
      [
        ["Units", ["German_Pak40_Vysochany_1", "German_Pak40_Canoneer_1_1", "German_Pak40_Canoneer_1_2"]],
        ["GroupEnemyReaction", "ERT_AGGRESSIVE"]
      ]
    ],

    [
      "German_Pak40_Vysochany_1",
      "GameObject",
      "CGunPak40Unit",
      new Matrix(
          -0.290785, 0.956764, 0.006883, 4925.964844,
          -0.956788, -0.290776, -0.002276, 6585.765137,
          -0.000176, -0.007247, 0.999974, 585.848999,
          0.000000, 0.000000, 0.000000, 1.000000
        ),
      [
        ["Affiliation", "ENEMY"],
        ["Task", "CC1M4GermanVysochanyPakTask"]
      ]
    ],

    [
      "German_Pak40_Canoneer_1_1",
      "GameObject",
      "CGermanSoldierRifleUnit",
      new Matrix(
          -0.290785, 0.956788, 0.000000, 4927.385254,
          -0.956788, -0.290785, 0.000000, 6587.572754,
          0.000000, 0.000000, 1.000000, 585.699951,
          0.000000, 0.000000, 0.000000, 1.000000
        ),
      [
        ["SurfaceControl", "PutonGroundUpright"],
        ["Affiliation", "ENEMY"],
        ["Guncrew", true],
        ["Task", "CBaseAITask"]
      ]
    ],

    [
      "German_Pak40_Canoneer_1_2",
      "GameObject",
      "CGermanSoldierRifleUnit",
      new Matrix(
          -0.290785, 0.956788, 0.000000, 4925.757813,
          -0.956788, -0.290785, 0.000000, 6588.146484,
          0.000000, 0.000000, 1.000000, 585.708130,
          0.000000, 0.000000, 0.000000, 1.000000
        ),
      [
        ["SurfaceControl", "PutonGroundUpright"],
        ["Affiliation", "ENEMY"],
        ["Guncrew", true],
        ["Task", "CBaseAITask"]
      ]
    ],

    [
      "CC1M6Gr_BatteryPak_2",
      "UnitGroup",
      "BaseZisGroup",
      new Matrix(
          0.177090, 0.984195, 0.000000, 4883.368164,
          -0.984195, 0.177090, 0.000000, 6581.520020,
          0.000000, 0.000000, 1.000000, 586.530518,
          0.000000, 0.000000, 0.000000, 1.000000
        ),
      [
        ["Units", ["German_Pak40_Vysochany_2", "German_Pak40_Canoneer_2_1", "German_Pak40_Canoneer_2_2"]],
        ["GroupEnemyReaction", "ERT_AGGRESSIVE"]
      ]
    ],

    [
      "German_Pak40_Vysochany_2",
      "GameObject",
      "CGunPak40Unit",
      new Matrix(
          0.110330, 0.993521, 0.027264, 4883.253418,
          -0.993871, 0.110093, 0.010030, 6579.640625,
          0.006963, -0.028204, 0.999578, 586.703491,
          0.000000, 0.000000, 0.000000, 1.000000
        ),
      [
        ["Affiliation", "ENEMY"],
        ["Task", "CC1M4GermanVysochanyPakTask"]
      ]
    ],

    [
      "German_Pak40_Canoneer_2_1",
      "GameObject",
      "CGermanSoldierRifleUnit",
      new Matrix(
          0.177090, 0.984195, 0.000000, 4883.368164,
          -0.984195, 0.177090, 0.000000, 6581.520020,
          0.000000, 0.000000, 1.000000, 586.530518,
          0.000000, 0.000000, 0.000000, 1.000000
        ),
      [
        ["SurfaceControl", "PutonGroundUpright"],
        ["Affiliation", "ENEMY"],
        ["Guncrew", true],
        ["Task", "CBaseAITask"]
      ]
    ],

    [
      "German_Pak40_Canoneer_2_2",
      "GameObject",
      "CGermanSoldierRifleUnit",
      new Matrix(
          0.194816, 0.980840, 0.000000, 4882.412109,
          -0.980840, 0.194816, 0.000000, 6581.544434,
          0.000000, 0.000000, 1.000000, 586.560608,
          0.000000, 0.000000, 0.000000, 1.000000
        ),
      [
        ["SurfaceControl", "PutonGroundUpright"],
        ["Affiliation", "ENEMY"],
        ["Guncrew", true],
        ["Task", "CBaseAITask"]
      ]
    ],

    [
      "GermanVysochany_StugG40_1",
      "GameObject",
      "CSAUStuG40Unit",
      new Matrix(
          -0.357167, 0.924987, 0.129732, 5178.128418,
          -0.910365, -0.375813, 0.173203, 6795.172852,
          0.208965, -0.056241, 0.976304, 549.933350,
          0.000000, 0.000000, 0.000000, 1.000000
        ),
      [
        ["IsManual", false],
        ["IsPlayer", false],
        ["Affiliation", "ENEMY"],
        ["Task", "CC1M4GermanVysochanyTask"],
        ["Number", "132"]
      ]
    ],

    [
      "GermanVysochany_StugG40_2",
      "GameObject",
      "CSAUStuG40Unit",
      new Matrix(
          -0.297984, 0.946041, 0.127327, 5126.520996,
          -0.935686, -0.315880, 0.157197, 6832.746094,
          0.188935, -0.072296, 0.979325, 550.621643,
          0.000000, 0.000000, 0.000000, 1.000000
        ),
      [
        ["IsManual", false],
        ["IsPlayer", false],
        ["Affiliation", "ENEMY"],
        ["Task", "CC1M4GermanVysochanyTask"],
        ["Number", "133"]
      ]
    ],

    [
      "GermanVysochany_StugG40_3",
      "GameObject",
      "CSAUStuG40Unit",
      new Matrix(
          0.045959, 0.998943, 0.000000, 5236.450195,
          -0.998943, 0.045959, 0.000000, 6769.108398,
          0.000000, 0.000000, 1.000000, 546.977966,
          0.000000, 0.000000, 0.000000, 1.000000
        ),
      [
        ["IsManual", false],
        ["IsPlayer", false],
        ["Affiliation", "ENEMY"],
        ["Task", "CC1M4GermanVysochanyTask"],
        ["Number", "134"]
      ]
    ],

    [
      "CC1M4GermanVysochany_StugG40_Group",
      "UnitGroup",
      "CC1M4GermanVysochany_StugG40_Group",
      new Matrix(
          -0.357168, 0.924987, 0.129734, 5178.128418,
          -0.910366, -0.375814, 0.173197, 6795.172852,
          0.208961, -0.056245, 0.976305, 549.901062,
          0.000000, 0.000000, 0.000000, 1.000000
        ),
      [
        ["Units", ["GermanVysochany_StugG40_1", "GermanVysochany_StugG40_2", "GermanVysochany_StugG40_3"]],
        ["Path", ["Path_German_Vysochany_1", "Path_German_Vysochany_2"]],
        ["DelayedOrder", true],
        ["Formation", "CFrontFormation"],
        ["FormationDistance", 85],
        ["MovingSpeed", 4],
        ["FirstOrder", "Patrol"],
        ["CyclePath", false],
        ["MinDifficulty", 0]
      ]
    ],

    [
      "Path_German_Vysochany_1",
      "NavPoint",
      "CZAxisCylNavPoint",
      new Matrix(
          0.060660, -0.998158, 0.000000, 5082.653320,
          0.998158, 0.060660, 0.000000, 6598.740723,
          0.000000, 0.000000, 1.000000, 558.043518,
          0.000000, 0.000000, 0.000000, 1.000000
        ),
      [
        ["Range", 5.000000],
        ["Detect", true],
        ["Mask", [["TANK"], []]]
      ]
    ],

    [
      "Path_German_Vysochany_2",
      "NavPoint",
      "CZAxisCylNavPoint",
      new Matrix(
          0.006034, -0.999982, 0.000000, 5072.540039,
          0.999982, 0.006034, 0.000000, 6467.592773,
          0.000000, 0.000000, 1.000000, 587.381470,
          0.000000, 0.000000, 0.000000, 1.000000
        ),
      [
        ["Range", 5.000000],
        ["Detect", true],
        ["Mask", [["TANK"], []]]
      ]
    ],

    [
      "Russina_AntiTank_Sau_1",
      "GameObject",
      "CSAUSU85Unit",
      new Matrix(
          -0.941362, -0.286855, -0.177629, 4857.975098,
          0.309830, -0.943379, -0.118500, 4978.749023,
          -0.133579, -0.166586, 0.976937, 650.334106,
          0.000000, 0.000000, 0.000000, 1.000000
        ),
      [
        ["IsManual", false],
        ["IsPlayer", false],
        ["Affiliation", "FRIEND"],
        ["Task", "Russina_AntiTank_Sau_Task"],
        ["Number", "SAU_303"]
      ]
    ],

    [
      "Russina_AntiTank_Sau_2",
      "GameObject",
      "CSAUSU85Unit",
      new Matrix(
          -0.948580, 0.257731, -0.183769, 4866.000000,
          -0.278070, -0.955876, 0.094752, 5018.236328,
          -0.151240, 0.140980, 0.978392, 653.888306,
          0.000000, 0.000000, 0.000000, 1.000000
        ),
      [
        ["IsManual", false],
        ["IsPlayer", false],
        ["Affiliation", "FRIEND"],
        ["Task", "Russina_AntiTank_Sau_Task"],
        ["Number", "SAU_305"]
      ]
    ],

    [
      "Russina_AntiTank_Sau_3",
      "GameObject",
      "CSAUSU85Unit",
      new Matrix(
          -0.993807, 0.057387, -0.095155, 4868.926758,
          -0.059153, -0.998123, 0.015847, 5064.666016,
          -0.094067, 0.021378, 0.995336, 648.722595,
          0.000000, 0.000000, 0.000000, 1.000000
        ),
      [
        ["IsManual", false],
        ["IsPlayer", false],
        ["Affiliation", "FRIEND"],
        ["Task", "Russina_AntiTank_Sau_Task"],
        ["Number", "SAU_312"]
      ]
    ],

    [
      "CC1M4RussianAntiPanzer_Group",
      "UnitGroup",
      "CC1M4RussianAntiPanzer_Group",
      new Matrix(
          -0.941362, -0.286855, -0.177629, 4857.975098,
          0.309830, -0.943378, -0.118500, 4978.749023,
          -0.133579, -0.166587, 0.976937, 650.334045,
          0.000000, 0.000000, 0.000000, 1.000000
        ),
      [
        ["Units", ["Russina_AntiTank_Sau_1", "Russina_AntiTank_Sau_2", "Russina_AntiTank_Sau_3"]],
        ["MovingSpeed", 4],
        ["CyclePath", false],
        ["MinDifficulty", 0]
      ]
    ],

    [
      "CC1M4GermanVysochany_GroupTank",
      "UnitGroup",
      "CC1M4GermanVysochany_GroupTank",
      new Matrix(
          0.994131, -0.044055, -0.098805, 4310.227051,
          0.036812, 0.996581, -0.073973, 5049.825684,
          0.101726, 0.069902, 0.992353, 630.953857,
          0.000000, 0.000000, 0.000000, 1.000000
        ),
      [
        ["Units", ["German_Column_Pz4_1", "German_Column_Pz4_2"]],
        ["Path", ["Path_German_Vysochany_1_1", "Path_German_Vysochany_1_2_1"]],
        ["DelayedOrder", true],
        ["MovingSpeed", 3],
        ["FirstOrder", "Patrol"],
        ["Formation", "CFrontFormation"],
        ["FormationDistance", 40],
        ["CyclePath", false],
        ["MinDifficulty", 0]
      ]
    ],

    [
      "German_Attack2_Tiger_1",
      "GameObject",
      "CTankPzVIAusfEUnit",
      new Matrix(
          0.995613, 0.044193, -0.082468, 4239.424316,
          -0.050173, 0.996149, -0.071906, 5039.024902,
          0.078973, 0.075728, 0.993996, 623.783020,
          0.000000, 0.000000, 0.000000, 1.000000
        ),
      [
        ["Affiliation", "ENEMY"],
        ["Task", "CC1M4GermanTankTask"],
        ["IsPlayer", false],
        ["Number", "211"]
      ]
    ],

    [
      "German_Attack2_Tiger_2",
      "GameObject",
      "CTankPzVIAusfEUnit",
      new Matrix(
          0.995614, -0.049888, -0.079148, 4216.083008,
          0.044907, 0.996970, -0.063518, 5108.440430,
          0.082077, 0.059685, 0.994837, 627.009827,
          0.000000, 0.000000, 0.000000, 1.000000
        ),
      [
        ["Affiliation", "ENEMY"],
        ["Task", "CC1M4GermanTankTask"],
        ["IsPlayer", false],
        ["Number", "212"]
      ]
    ],

    [
      "German_Column_Pz4_1",
      "GameObject",
      "CTankPzIVGUnit",
      new Matrix(
          0.994131, -0.044053, -0.098803, 4310.227051,
          0.036812, 0.996582, -0.073956, 5049.825684,
          0.101723, 0.069885, 0.992355, 630.953857,
          0.000000, 0.000000, 0.000000, 1.000000
        ),
      [
        ["Affiliation", "ENEMY"],
        ["Task", "CC1M4GermanTankTask"],
        ["IsManual", false],
        ["IsPlayer", false],
        ["Number", "213"]
      ]
    ],

    [
      "German_Column_Pz4_2",
      "GameObject",
      "CTankPzIVGUnit",
      new Matrix(
          0.992878, -0.072066, -0.094870, 4290.373535,
          0.064647, 0.994770, -0.079081, 5032.980957,
          0.100072, 0.072385, 0.992344, 627.581909,
          0.000000, 0.000000, 0.000000, 1.000000
        ),
      [
        ["Affiliation", "ENEMY"],
        ["Task", "CC1M4GermanTankTask"],
        ["IsManual", false],
        ["IsPlayer", false],
        ["Number", "214"]
      ]
    ],

    [
      "CC1M4GermanAttack2_GroupTank",
      "UnitGroup",
      "CC1M4GermanAttack2_GroupTank",
      new Matrix(
          0.993634, -0.080134, -0.079187, 4238.528809,
          0.073861, 0.994119, -0.079195, 5073.117188,
          0.085067, 0.072842, 0.993709, 626.070618,
          0.000000, 0.000000, 0.000000, 1.000000
        ),
      [
        ["Units", ["German_Attack2_Pz4_1", "German_Attack2_Pz4_2", "German_Attack2_Tiger_2", "German_Attack2_Tiger_1"]],
        ["Path", ["Path_German_Vysochany_1_1", "Path_German_Vysochany_1_2"]],
        ["DelayedOrder", true],
        ["MovingSpeed", 3],
        ["FirstOrder", "Patrol"],
        ["Formation", "CWedgeFormation"],
        ["FormationDistance", 40],
        ["CyclePath", false],
        ["MinDifficulty", 0]
      ]
    ],

    [
      "Path_German_Vysochany_1_1",
      "NavPoint",
      "CZAxisCylNavPoint",
      new Matrix(
          0.006034, -0.999982, 0.000000, 4415.082031,
          0.999982, 0.006034, 0.000000, 5014.624023,
          0.000000, 0.000000, 1.000000, 613.473389,
          0.000000, 0.000000, 0.000000, 1.000000
        ),
      [
        ["Range", 5.000000],
        ["Detect", true],
        ["Mask", [["TANK"], []]]
      ]
    ],

    [
      "Path_German_Vysochany_1_2",
      "NavPoint",
      "CZAxisCylNavPoint",
      new Matrix(
          0.006034, -0.999982, 0.000000, 4515.163086,
          0.999982, 0.006034, 0.000000, 5024.395020,
          0.000000, 0.000000, 1.000000, 638.827148,
          0.000000, 0.000000, 0.000000, 1.000000
        ),
      [
        ["Range", 5.000000],
        ["Detect", true],
        ["Mask", [["TANK"], []]]
      ]
    ],

    [
      "CC1M6Gr_BatteryPak_3",
      "UnitGroup",
      "BaseZisGroup",
      new Matrix(
          -0.290785, 0.956788, 0.000000, 4946.437988,
          -0.956788, -0.290785, 0.000000, 6582.606445,
          0.000000, 0.000000, 1.000000, 585.559998,
          0.000000, 0.000000, 0.000000, 1.000000
        ),
      [
        ["Units", ["German_Pak40_Vysochany_3", "German_Pak40_Canoneer_3_1", "German_Pak40_Canoneer_3_2"]],
        ["GroupEnemyReaction", "ERT_AGGRESSIVE"]
      ]
    ],

    [
      "German_Pak40_Vysochany_3",
      "GameObject",
      "CGunPak40Unit",
      new Matrix(
          -0.323683, 0.946166, -0.000015, 4946.108887,
          -0.946166, -0.323683, 0.000000, 6579.833984,
          -0.000005, 0.000014, 1.000000, 585.699890,
          0.000000, 0.000000, 0.000000, 1.000000
        ),
      [
        ["Affiliation", "ENEMY"],
        ["Task", "CC1M4GermanVysochanyPakTask"]
      ]
    ],

    [
      "German_Pak40_Canoneer_3_1",
      "GameObject",
      "CGermanSoldierRifleUnit",
      new Matrix(
          -0.290785, 0.956788, 0.000000, 4946.437988,
          -0.956788, -0.290785, 0.000000, 6582.606445,
          0.000000, 0.000000, 1.000000, 585.559998,
          0.000000, 0.000000, 0.000000, 1.000000
        ),
      [
        ["SurfaceControl", "PutonGroundUpright"],
        ["Affiliation", "ENEMY"],
        ["Guncrew", true],
        ["Task", "CBaseAITask"]
      ]
    ],

    [
      "German_Pak40_Canoneer_3_2",
      "GameObject",
      "CGermanSoldierRifleUnit",
      new Matrix(
          -0.290785, 0.956788, 0.000000, 4947.551758,
          -0.956788, -0.290785, 0.000000, 6582.219727,
          0.000000, 0.000000, 1.000000, 585.559998,
          0.000000, 0.000000, 0.000000, 1.000000
        ),
      [
        ["SurfaceControl", "PutonGroundUpright"],
        ["Affiliation", "ENEMY"],
        ["Guncrew", true],
        ["Task", "CBaseAITask"]
      ]
    ],

    [
      "CC1M6Gr_BatteryPak_4",
      "UnitGroup",
      "BaseZisGroup",
      new Matrix(
          -0.290785, 0.956788, 0.000000, 5017.219727,
          -0.956788, -0.290785, 0.000000, 6573.644531,
          0.000000, 0.000000, 1.000000, 586.037781,
          0.000000, 0.000000, 0.000000, 1.000000
        ),
      [
        ["Units", ["German_Pak40_Vysochany_4", "German_Pak40_Canoneer_4_1", "German_Pak40_Canoneer_4_2"]],
        ["GroupEnemyReaction", "ERT_AGGRESSIVE"]
      ]
    ],

    [
      "German_Pak40_Vysochany_4",
      "GameObject",
      "CGunPak40Unit",
      new Matrix(
          -0.157014, 0.987468, -0.015945, 5017.642090,
          -0.987508, -0.156763, 0.015913, 6571.439941,
          0.013214, 0.018245, 0.999746, 586.219177,
          0.000000, 0.000000, 0.000000, 1.000000
        ),
      [
        ["Affiliation", "ENEMY"],
        ["Task", "CC1M4GermanVysochanyPakTask"]
      ]
    ],

    [
      "German_Pak40_Canoneer_4_1",
      "GameObject",
      "CGermanSoldierRifleUnit",
      new Matrix(
          -0.290785, 0.956788, 0.000000, 5017.219727,
          -0.956788, -0.290785, 0.000000, 6573.644531,
          0.000000, 0.000000, 1.000000, 586.037781,
          0.000000, 0.000000, 0.000000, 1.000000
        ),
      [
        ["SurfaceControl", "PutonGroundUpright"],
        ["Affiliation", "ENEMY"],
        ["Guncrew", true],
        ["Task", "CBaseAITask"]
      ]
    ],

    [
      "German_Pak40_Canoneer_4_2",
      "GameObject",
      "CGermanSoldierRifleUnit",
      new Matrix(
          -0.290785, 0.956788, 0.000000, 5018.433594,
          -0.956788, -0.290785, 0.000000, 6573.196777,
          0.000000, 0.000000, 1.000000, 586.064331,
          0.000000, 0.000000, 0.000000, 1.000000
        ),
      [
        ["SurfaceControl", "PutonGroundUpright"],
        ["Affiliation", "ENEMY"],
        ["Guncrew", true],
        ["Task", "CBaseAITask"]
      ]
    ],

    [
      "MainPlayerUnit_AntiTank_1_NavPoint",
      "NavPoint",
      "CZAxisCylNavPoint",
      new Matrix(
          0.006034, -0.999982, 0.000000, 5119.127441,
          0.999982, 0.006034, 0.000000, 5534.562012,
          0.000000, 0.000000, 1.000000, 657.075500,
          0.000000, 0.000000, 0.000000, 1.000000
        ),
      [
        ["Range", 5.000000],
        ["Detect", true],
        ["Mask", [["TANK"], []]]
      ]
    ],

    [
      "MainPlayerUnit_AntiTank_2_NavPoint",
      "NavPoint",
      "CZAxisCylNavPoint",
      new Matrix(
          0.006034, -0.999982, 0.000000, 5093.140625,
          0.999982, 0.006034, 0.000000, 5490.247559,
          0.000000, 0.000000, 1.000000, 666.915649,
          0.000000, 0.000000, 0.000000, 1.000000
        ),
      [
        ["Range", 5.000000],
        ["Detect", true],
        ["Mask", [["TANK"], []]]
      ]
    ],

    [
      "MainPlayerUnit_AntiTank_3_NavPoint",
      "NavPoint",
      "CZAxisCylNavPoint",
      new Matrix(
          0.227089, -0.973874, 0.000000, 5068.146973,
          0.973874, 0.227089, 0.000000, 5488.907715,
          0.000000, 0.000000, 1.000000, 665.957642,
          0.000000, 0.000000, 0.000000, 1.000000
        ),
      [
        ["Range", 5.000000],
        ["Detect", true],
        ["Mask", [["TANK"], []]]
      ]
    ],

    [
      "German_DuckBlind_1_Pz6_1",
      "GameObject",
      "CTankPzVIAusfEUnit",
      new Matrix(
          -0.945632, 0.325240, 0.000000, 3797.468994,
          -0.325240, -0.945632, 0.000000, 5945.625488,
          0.000000, 0.000000, 1.000000, 602.418152,
          0.000000, 0.000000, 0.000000, 1.000000
        ),
      [
        ["Affiliation", "ENEMY"],
        ["Task", "CBaseAITankTask"],
        ["IsPlayer", false],
        ["Number", "221"]
      ]
    ],

    [
      "German_DuckBlind_1_Pz6_2",
      "GameObject",
      "CTankPzVIAusfEUnit",
      new Matrix(
          0.324430, -0.943747, 0.063933, 3822.685547,
          0.944673, 0.326720, 0.029110, 5945.199219,
          -0.048361, 0.050951, 0.997530, 601.038330,
          0.000000, 0.000000, 0.000000, 1.000000
        ),
      [
        ["Affiliation", "ENEMY"],
        ["Task", "CBaseAITankTask"],
        ["IsPlayer", false],
        ["Number", "222"]
      ]
    ],

    [
      "German_DuckBlind_1_Pz6_3",
      "GameObject",
      "CTankPzVIAusfEUnit",
      new Matrix(
          0.922175, -0.386772, 0.000000, 3780.868164,
          0.386772, 0.922175, 0.000000, 5926.272461,
          0.000000, 0.000000, 1.000000, 606.972412,
          0.000000, 0.000000, 0.000000, 1.000000
        ),
      [
        ["Affiliation", "ENEMY"],
        ["Task", "CBaseAITankTask"],
        ["IsPlayer", false],
        ["Number", "223"]
      ]
    ],

    [
      "CC1M4German_DuckBlind_1_GroupTank",
      "UnitGroup",
      "CC1M4German_DuckBlind_1_GroupTank",
      new Matrix(
          -0.945571, 0.325160, -0.012862, 3797.468994,
          -0.325360, -0.945399, 0.019023, 5945.625488,
          -0.005974, 0.022172, 0.999736, 606.744690,
          0.000000, 0.000000, 0.000000, 1.000000
        ),
      [
        ["Units", ["German_DuckBlind_1_Pz6_1", "German_DuckBlind_1_Pz6_2", "German_DuckBlind_1_Pz6_3"]],
        ["Path", ["NavPoint_GermanDuckBlind_1_1", "NavPoint_GermanDuckBlind_1_2", "NavPoint_GermanDuckBlind_1_3", "NavPoint_GermanDuckBlind_1_4"]],
        ["DelayedOrder", true],
        ["MovingSpeed", 8],
        ["FirstOrder", "Patrol"],
        ["Formation", "CFrontFormation"],
        ["CyclePath", false],
        ["MinDifficulty", 0]
      ]
    ],

    [
      "NavPoint_GermanDuckBlind_1_1",
      "NavPoint",
      "CZAxisCylNavPoint",
      new Matrix(
          0.006034, -0.999982, 0.000000, 3968.025391,
          0.999982, 0.006034, 0.000000, 5602.502441,
          0.000000, 0.000000, 1.000000, 584.318481,
          0.000000, 0.000000, 0.000000, 1.000000
        ),
      [
        ["Range", 1.000000],
        ["Detect", true],
        ["Mask", [["TANK"], []]]
      ]
    ],

    [
      "NavPoint_GermanDuckBlind_1_2",
      "NavPoint",
      "CZAxisCylNavPoint",
      new Matrix(
          0.006034, -0.999982, 0.000000, 3999.156250,
          0.999982, 0.006034, 0.000000, 5347.860840,
          0.000000, 0.000000, 1.000000, 604.756836,
          0.000000, 0.000000, 0.000000, 1.000000
        ),
      [
        ["Range", 1.000000],
        ["Detect", true],
        ["Mask", [["TANK"], []]]
      ]
    ],

    [
      "NavPoint_GermanDuckBlind_1_3",
      "NavPoint",
      "CZAxisCylNavPoint",
      new Matrix(
          0.006034, -0.999982, 0.000000, 4021.450439,
          0.999982, 0.006034, 0.000000, 5202.330078,
          0.000000, 0.000000, 1.000000, 614.593262,
          0.000000, 0.000000, 0.000000, 1.000000
        ),
      [
        ["Range", 1.000000],
        ["Detect", true],
        ["Mask", [["TANK"], []]]
      ]
    ],

    [
      "NavPoint_GermanDuckBlind_1_4",
      "NavPoint",
      "CZAxisCylNavPoint",
      new Matrix(
          0.006034, -0.999982, 0.000000, 4864.778320,
          0.999982, 0.006034, 0.000000, 4958.728516,
          0.000000, 0.000000, 1.000000, 648.666382,
          0.000000, 0.000000, 0.000000, 1.000000
        ),
      [
        ["Range", 1.000000],
        ["Detect", true],
        ["Mask", [["TANK"], []]]
      ]
    ],

    [
      "NavPoint_GermanDuckBlind_1_5",
      "NavPoint",
      "CZAxisCylNavPoint",
      new Matrix(
          0.006034, -0.999982, 0.000000, 5099.991211,
          0.999982, 0.006034, 0.000000, 5355.444336,
          0.000000, 0.000000, 1.000000, 668.298706,
          0.000000, 0.000000, 0.000000, 1.000000
        ),
      [
        ["Range", 1.000000],
        ["Detect", true],
        ["Mask", [["TANK"], []]]
      ]
    ],

    [
      "CrossRoad1_micro",
      "Locator",
      "CTerrainPatch",
      new Matrix(
          0.013509, -0.999909, 0.000000, 5194.077637,
          0.999909, 0.013509, 0.000000, 2948.199219,
          0.000000, 0.000000, 1.000000, 586.335022,
          0.000000, 0.000000, 0.000000, 1.000000
        ),
      [
        ["Dimensions", new Vector(16.000000, 16.000000, 0.496521)],
        ["TextureName", "Textures/CrossRoad_micro.tex"],
        ["ZoneName", "Textures/CrossRoad_zone.bmp"],
        ["BorderSize", 6.000000]
      ]
    ],

    [
      "Vysochany_HouseGroup01",
      "ObjectsGroup",
      "CObjectsGroup",
      new Matrix(
          -0.615776, 0.787921, 0.000000, 4852.390625,
          -0.787921, -0.615776, 0.000000, 6731.939941,
          0.000000, 0.000000, 1.000000, 587.908447,
          0.000000, 0.000000, 0.000000, 1.000000
        ),
      [
        ["Contents", ["Visochany_Group01_Fence1", "Visochany_Group01_Fence2", "Visochany_Group01_Fence3", "Visochany_Group01_Fence4", "Visochany_Group01_Shed1"]]
      ]
    ],

    [
      "Visochany_Group01_Fence1",
      "InteriorObject",
      "CFenceWickerUnit",
      new Matrix(
          -0.835468, -0.549533, -0.002695, 4860.394531,
          0.549536, -0.835470, -0.000628, 6738.035645,
          -0.001906, -0.002006, 0.999996, 586.810364,
          0.000000, 0.000000, 0.000000, 1.000000
        ),
      [
        ["SurfaceControl", "PutonGround"],
        ["Length", 6],
        ["IsManual", false],
        ["IsPlayer", false]
      ]
    ],

    [
      "Visochany_Group01_Fence2",
      "InteriorObject",
      "CFencePoleUnit",
      new Matrix(
          -0.576239, 0.815136, -0.059183, 4850.386719,
          -0.816897, -0.576677, 0.011116, 6744.780273,
          -0.025069, 0.054752, 0.998185, 586.789001,
          0.000000, 0.000000, 0.000000, 1.000000
        ),
      [
        ["SurfaceControl", "PutonGround"],
        ["Length", 7],
        ["IsManual", false],
        ["IsPlayer", false]
      ]
    ],

    [
      "Visochany_Group01_Fence3",
      "InteriorObject",
