//-------------------------------------------------------------------
//                                                                   
//  This code is copyright 2001 by G5 Software.                      
//  Any unauthorized usage, either in part or in whole of this code  
//  is strictly prohibited. Violators WILL be prosecuted to the      
//  maximum extent allowed by law.                                   
//                                                                   
//-------------------------------------------------------------------
//                                                                   
//  Automatically-generated mission script file                      
//  DO NOT EDIT!                                                     
//                                                                   
//-------------------------------------------------------------------


class CC2M6Content
{
  static String m_ObjectListClassFile = "Missions/Campaign_2/Mission_6/Content.script";
  static String m_ObjectListClassName = "CC2M6Content";

  static Array  m_MissionObjectList   = [
    [
      "Atmosphere",
      "",
      "",
      new Matrix(
          1.000000, 0.000000, 0.000000, 0.000000,
          0.000000, 1.000000, 0.000000, 0.000000,
          0.000000, 0.000000, 1.000000, 0.000000,
          0.000000, 0.000000, 0.000000, 1.000000
        ),
      [
        ["AmbientLight", new Color(0.117647, 0.117647, 0.125490, 1.000000)],
        ["AntiSunAngle", 10.000000],
        ["AntiSunColor", new Color(0.811765, 0.819608, 0.854902, 1.000000)],
        ["AntiSunIntensity", 0.400000],
        ["EnableHorizontAdjustment", true],
        ["FogColorXPos", new Color(0.976471, 0.988235, 1.000000, 1.000000)],
        ["FogColorXNeg", new Color(0.976471, 0.988235, 1.000000, 1.000000)],
        ["FogColorYPos", new Color(0.976471, 0.988235, 1.000000, 1.000000)],
        ["FogColorYNeg", new Color(0.976471, 0.988235, 1.000000, 1.000000)],
        ["FogDensity", 0.000500],
        ["FogNear", 10.000000],
        ["FogFar", 800.000000],
        ["FogFarMax", 3500.000000],
        ["FogMode", "Exp"],
        ["ShadowColor", new Color(0.325490, 0.325490, 0.325490, 1.000000)],
        ["SunColor", new Color(1.000000, 1.000000, 1.000000, 1.000000)],
        ["SunDirection", new Vector(0.005952, -0.155542, -0.305348)],
        ["SunIntensity", 1.000000],
        ["TreeLightKoef", 0.400000],
        ["TreeNormalRelax", 0.000000],
        ["TreeShadowLodDistance", 25.000000],
        ["AntiSunHorAngle", 105.000000]
      ]
    ],

    [
      "Terrain",
      "",
      "",
      new Matrix(
          1.000000, 0.000000, 0.000000, 0.000000,
          0.000000, 1.000000, 0.000000, 0.000000,
          0.000000, 0.000000, 1.000000, 0.000000,
          0.000000, 0.000000, 0.000000, 1.000000
        ),
      [
        ["ForestTextureScale", 0.500000],
        ["ForestShadowBorderScale", 0.400000],
        ["ForestShadowAlphaScale", 0.500000],
        ["ForestBeginFadeDist", [250.000000, 480.000000]],
        ["IsAntiLighting", true],
        ["TerrainShadowPower", 1.000000],
        ["NormalNoise", 0.300000],
        ["VertForestDistMin", 800.000000],
        ["VertForestDistMax", 8000.000000],
        ["VertForestAngleMin", 0.000000],
        ["VertForestAngleMax", 45.000000],
        ["VertForestBeginFadeDist", [250.000000, 410.000000]],
        ["WaterBorderColor", new Color(0.556863, 0.521569, 0.443137, 1.000000)],
        ["WaterFresnelPower", 2.000000]
      ]
    ],

    [
      "MainPlayerUnit",
      "GameObject",
      "CTankPzVIAusfEUnit",
      new Matrix(
          -0.998314, 0.058044, 0.000000, 5895.536133,
          -0.058044, -0.998314, 0.000000, 2907.260986,
          0.000000, 0.000000, 1.000000, 623.092224,
          0.000000, 0.000000, 0.000000, 1.000000
        ),
      [
        ["IsPlayer", true],
        ["IsManual", true],
        ["Affiliation", "FRIEND"],
        ["Number", "223"],
        ["HitPoints", 1000.000000],
        ["SurfaceControl", "PutonGroundLandingJoints"],
        ["Route", []],
        ["ShadowPlaneOffset", 0.050000],
        ["FakeShadowOffset", 0.090000]
      ]
    ],

    [
      "MPU_German_1",
      "GameObject",
      "CTankPzVIAusfEUnit",
      new Matrix(
          -0.843162, 0.537456, -0.014776, 5847.791016,
          -0.537533, -0.843242, 0.001476, 2908.981689,
          -0.011667, 0.009188, 0.999890, 609.323425,
          0.000000, 0.000000, 0.000000, 1.000000
        ),
      [
        ["Affiliation", "FRIEND"],
        ["BehRadarMask", [["ENEMY", "MainMesh"], ["FRIEND", "AIR"]]],
        ["Task", "CC2M6GerMPUTigerTankTask1"],
        ["Number", "331"],
        ["HitPoints", 1000.000000],
        ["SurfaceControl", "PutonGroundLandingJoints"],
        ["Route", []],
        ["ShadowPlaneOffset", 0.050000],
        ["FakeShadowOffset", 0.090000]
      ]
    ],

    [
      "MPU_German_2",
      "GameObject",
      "CTankPzVIAusfEUnit",
      new Matrix(
          -0.687487, 0.726197, 0.000076, 5868.511230,
          -0.726194, -0.687485, -0.002625, 2924.215820,
          -0.001854, -0.001859, 0.999996, 609.530701,
          0.000000, 0.000000, 0.000000, 1.000000
        ),
      [
        ["Affiliation", "FRIEND"],
        ["BehRadarMask", [["ENEMY", "MainMesh"], ["FRIEND", "AIR"]]],
        ["Task", "CC2M6GerMPUTigerTankTask2"],
        ["Number", "332"],
        ["HitPoints", 1000.000000],
        ["SurfaceControl", "PutonGroundLandingJoints"],
        ["Route", []],
        ["ShadowPlaneOffset", 0.050000],
        ["FakeShadowOffset", 0.090000]
      ]
    ],

    [
      "German_Column_Opel_1",
      "GameObject",
      "CTruckOpelBlitzUnit",
      new Matrix(
          -0.998438, 0.055878, 0.000000, 5928.127930,
          -0.055878, -0.998438, 0.000000, 2930.674561,
          0.000000, 0.000000, 1.000000, 622.615356,
          0.000000, 0.000000, 0.000000, 1.000000
        ),
      [
        ["Affiliation", "FRIEND"],
        ["BehRadarMask", [["ENEMY", "MainMesh"], ["FRIEND", "AIR"]]],
        ["SurfaceControl", "PutonGroundLandingJoints"],
        ["Task", "CBaseAITask"]
      ]
    ],

    [
      "German_Column_Opel_2",
      "GameObject",
      "CTruckOpelBlitzUnit",
      new Matrix(
          -0.996690, 0.069701, -0.041853, 5937.395996,
          -0.066892, -0.995632, -0.065125, 2937.207520,
          -0.046209, -0.062110, 0.996999, 611.130920,
          0.000000, 0.000000, 0.000000, 1.000000
        ),
      [
        ["Affiliation", "FRIEND"],
        ["BehRadarMask", [["ENEMY", "MainMesh"], ["FRIEND", "AIR"]]],
        ["SurfaceControl", "PutonGroundLandingJoints"],
        ["Task", "CBaseAITask"],
        ["HitPoints", 220000.000000],
        ["Route", []],
        ["ShadowPlaneOffset", 0.050000],
        ["FakeShadowOffset", 0.090000]
      ]
    ],

    [
      "German_Column_Opel_3",
      "GameObject",
      "CTruckOpelBlitzUnit",
      new Matrix(
          -0.994345, 0.091287, -0.054272, 5945.693359,
          -0.087807, -0.994119, -0.063382, 2945.699463,
          -0.059738, -0.058258, 0.996513, 611.965393,
          0.000000, 0.000000, 0.000000, 1.000000
        ),
      [
        ["Affiliation", "FRIEND"],
        ["BehRadarMask", [["ENEMY", "MainMesh"], ["FRIEND", "AIR"]]],
        ["SurfaceControl", "PutonGroundLandingJoints"],
        ["Task", "CBaseAITask"],
        ["HitPoints", 220000.000000],
        ["Route", []],
        ["ShadowPlaneOffset", 0.050000],
        ["FakeShadowOffset", 0.090000]
      ]
    ],

    [
      "German_Column_Hanomag_1",
      "GameObject",
      "CBtrHanomag251AusfCUnit",
      new Matrix(
          -0.972672, 0.231452, -0.018417, 5889.541504,
          -0.229683, -0.970775, -0.069576, 2936.408203,
          -0.033982, -0.063445, 0.997407, 609.978027,
          0.000000, 0.000000, 0.000000, 1.000000
        ),
      [
        ["Affiliation", "FRIEND"],
        ["BehRadarMask", [["ENEMY", "MainMesh"], ["FRIEND", "AIR"]]],
        ["Task", "CC2M6GermanColumnHanomagTask"]
      ]
    ],

    [
      "German_Column_Hanomag_2",
      "GameObject",
      "CBtrHanomag251AusfCUnit",
      new Matrix(
          -0.946364, -0.323082, -0.003692, 5901.827637,
          0.322573, -0.944095, -0.068057, 2936.261230,
          0.018503, -0.065597, 0.997675, 610.036255,
          0.000000, 0.000000, 0.000000, 1.000000
        ),
      [
        ["Affiliation", "FRIEND"],
        ["BehRadarMask", [["ENEMY", "MainMesh"], ["FRIEND", "AIR"]]],
        ["Task", "CC2M6GermanColumnHanomagTask"]
      ]
    ],

    [
      "CC2M6GerMPU_Group",
      "UnitGroup",
      "CC2M6GerMPU_Group",
      new Matrix(
          -0.843133, 0.537429, -0.017245, 5847.791016,
          -0.537537, -0.843237, 0.002031, 2908.981689,
          -0.013450, 0.010983, 0.999849, 609.326843,
          0.000000, 0.000000, 0.000000, 1.000000
        ),
      [
        ["Units", ["MPU_German_1", "MPU_German_2", "German_Column_Opel_1", "German_Column_Opel_2", "German_Column_Opel_3", "German_Column_Hanomag_1", "German_Column_Hanomag_2"]],
        ["Formation", "Column"],
        ["FormationDistance", 20],
        ["MovingSpeed", 4],
        ["MinDifficulty", 0]
      ]
    ],

    [
      "GermanPath_1",
      "NavPoint",
      "CZAxisCylNavPoint",
      new Matrix(
          -0.966793, 0.255560, 0.000000, 5823.964355,
          -0.255560, -0.966793, 0.000000, 2872.834717,
          0.000000, 0.000000, 1.000000, 624.819702,
          0.000000, 0.000000, 0.000000, 1.000000
        ),
      [
        ["Range", 5.000000]
      ]
    ],

    [
      "GermanPath_2",
      "NavPoint",
      "CZAxisCylNavPoint",
      new Matrix(
          -0.966793, 0.255560, 0.000000, 5744.098145,
          -0.255560, -0.966793, 0.000000, 2843.303955,
          0.000000, 0.000000, 1.000000, 610.887390,
          0.000000, 0.000000, 0.000000, 1.000000
        ),
      [
        ["Range", 5.000000]
      ]
    ],

    [
      "GermanPath_3",
      "NavPoint",
      "CZAxisCylNavPoint",
      new Matrix(
          -0.966793, 0.255560, 0.000000, 5194.550293,
          -0.255560, -0.966793, 0.000000, 2950.332031,
          0.000000, 0.000000, 1.000000, 586.326660,
          0.000000, 0.000000, 0.000000, 1.000000
        ),
      [
        ["Range", 5.000000]
      ]
    ],

    [
      "GermanPath_4",
      "NavPoint",
      "CZAxisCylNavPoint",
      new Matrix(
          -0.966793, 0.255560, 0.000000, 5051.415527,
          -0.255560, -0.966793, 0.000000, 3175.119629,
          0.000000, 0.000000, 1.000000, 581.910950,
          0.000000, 0.000000, 0.000000, 1.000000
        ),
      [
        ["Range", 5.000000]
      ]
    ],

    [
      "CC2M6Rus_GroupColumn1",
      "UnitGroup",
      "CC2M6Rus_GroupColumn1",
      new Matrix(
          0.776352, 0.629135, -0.038305, 5003.958984,
          -0.629383, 0.777066, 0.006713, 3232.354004,
          0.033989, 0.018897, 0.999244, 581.101746,
          0.000000, 0.000000, 0.000000, 1.000000
        ),
      [
        ["Units", ["RussianTank_Column1_1", "RussianTank_Column1_2", "RussianTank_Column1_3", "RussianBTR_Column1_1", "RussianBTR_Column1_2"]],
        ["Path", ["RussianPath1_1", "RussianPath1_2", "RussianPath1_3"]],
        ["DelayedOrder", true],
        ["Formation", "Column"],
        ["FormationDistance", 20],
        ["MovingSpeed", 8],
        ["FirstOrder", "Patrol"],
        ["CyclePath", false],
        ["MinDifficulty", 0]
      ]
    ],

    [
      "RussianTank_Column1_1",
      "GameObject",
      "CTankT34_85_44Unit",
      new Matrix(
          0.776319, 0.629078, -0.039875, 5003.958984,
          -0.629377, 0.777076, 0.006115, 3232.354004,
          0.034833, 0.020349, 0.999186, 581.099609,
          0.000000, 0.000000, 0.000000, 1.000000
        ),
      [
        ["BehRadarMask", [["FRIEND", "MainMesh"], ["NEUTRAL", "AIR", "INVISIBLE_ON_RADAR"]]],
        ["Affiliation", "ENEMY"],
        ["Task", "CBaseAITankTask"],
        ["Number", "01_01"]
      ]
    ],

    [
      "RussianTank_Column1_2",
      "GameObject",
      "CTankT34_85_44Unit",
      new Matrix(
          0.805587, 0.592477, -0.000561, 4966.989746,
          -0.592143, 0.805165, 0.032800, 3247.406250,
          0.019885, -0.026091, 0.999462, 580.223511,
          0.000000, 0.000000, 0.000000, 1.000000
        ),
      [
        ["BehRadarMask", [["FRIEND", "MainMesh"], ["NEUTRAL", "AIR", "INVISIBLE_ON_RADAR"]]],
        ["Affiliation", "ENEMY"],
        ["Task", "CBaseAITankTask"],
        ["Number", "01_02"]
      ]
    ],

    [
      "RussianTank_Column1_3",
      "GameObject",
      "CTankT34_85_44Unit",
      new Matrix(
          0.670283, 0.742105, -0.000009, 4943.479004,
          -0.742105, 0.670283, 0.000000, 3291.301758,
          0.000006, 0.000006, 1.000000, 579.974548,
          0.000000, 0.000000, 0.000000, 1.000000
        ),
      [
        ["BehRadarMask", [["FRIEND", "MainMesh"], ["NEUTRAL", "AIR", "INVISIBLE_ON_RADAR"]]],
        ["Affiliation", "ENEMY"],
        ["Task", "CBaseAITankTask"],
        ["Number", "01_03"]
      ]
    ],

    [
      "RussianBTR_Column1_1",
      "GameObject",
      "CBtrM3A1HalftruckUnit",
      new Matrix(
          0.668523, 0.742855, -0.035255, 4919.952148,
          -0.743292, 0.668967, 0.001066, 3323.891602,
          0.024376, 0.025493, 0.999378, 578.624756,
          0.000000, 0.000000, 0.000000, 1.000000
        ),
      [
        ["BehRadarMask", [["FRIEND", "MainMesh"], ["NEUTRAL", "AIR", "INVISIBLE_ON_RADAR"]]],
        ["Affiliation", "ENEMY"],
        ["Task", "CBaseAIBtrTask"]
      ]
    ],

    [
      "RussianBTR_Column1_2",
      "GameObject",
      "CBtrM3A1HalftruckUnit",
      new Matrix(
          0.660594, 0.750499, -0.019153, 4882.530273,
          -0.750683, 0.660649, -0.004156, 3396.479004,
          0.009534, 0.017123, 0.999808, 577.452026,
          0.000000, 0.000000, 0.000000, 1.000000
        ),
      [
        ["BehRadarMask", [["FRIEND", "MainMesh"], ["NEUTRAL", "AIR", "INVISIBLE_ON_RADAR"]]],
        ["Affiliation", "ENEMY"],
        ["Task", "CBaseAIBtrTask"]
      ]
    ],

    [
      "CC2M6RusTank_Ambush1",
      "UnitGroup",
      "CC2M6RusTank_Ambush1",
      new Matrix(
          0.922477, 0.382662, -0.051048, 5009.948242,
          -0.384652, 0.922311, -0.037209, 2984.252197,
          0.032844, 0.053960, 0.998003, 588.467773,
          0.000000, 0.000000, 0.000000, 1.000000
        ),
      [
        ["Units", ["RussianTank_Ambush1_1", "RussianTank_Ambush1_2"]],
        ["MovingSpeed", 4],
        ["MinDifficulty", 0]
      ]
    ],

    [
      "RussianTank_Ambush1_1",
      "GameObject",
      "CTankT34_76_42Unit",
      new Matrix(
          0.922477, 0.382661, -0.051051, 5009.948242,
          -0.384652, 0.922311, -0.037216, 2984.252197,
          0.032844, 0.053968, 0.998002, 588.467834,
          0.000000, 0.000000, 0.000000, 1.000000
        ),
      [
        ["Affiliation", "ENEMY"],
        ["Task", "CBaseAITankTask"],
        ["Number", "22_13"]
      ]
    ],

    [
      "RussianTank_Ambush1_2",
      "GameObject",
      "CTankT34_76_42Unit",
      new Matrix(
          0.996292, 0.085213, -0.011895, 5026.653320,
          -0.085168, 0.996357, 0.004283, 3006.255859,
          0.012217, -0.003254, 0.999920, 589.329285,
          0.000000, 0.000000, 0.000000, 1.000000
        ),
      [
        ["Affiliation", "ENEMY"],
        ["Task", "CBaseAITankTask"],
        ["Number", "22_14"]
      ]
    ],

    [
      "RussianPath1_1",
      "NavPoint",
      "CZAxisCylNavPoint",
      new Matrix(
          -0.966793, 0.255560, 0.000000, 5195.286133,
          -0.255560, -0.966793, 0.000000, 2842.386719,
          0.000000, 0.000000, 1.000000, 590.438049,
          0.000000, 0.000000, 0.000000, 1.000000
        ),
      [
        ["Range", 5.000000]
      ]
    ],

    [
      "RussianPath1_2",
      "NavPoint",
      "CZAxisCylNavPoint",
      new Matrix(
          -0.966793, 0.255560, 0.000000, 5227.617188,
          -0.255560, -0.966793, 0.000000, 2723.657715,
          0.000000, 0.000000, 1.000000, 598.239319,
          0.000000, 0.000000, 0.000000, 1.000000
        ),
      [
        ["Range", 5.000000]
      ]
    ],

    [
      "RussianPath1_3",
      "NavPoint",
      "CZAxisCylNavPoint",
      new Matrix(
          -0.966793, 0.255560, 0.000000, 5258.908203,
          -0.255560, -0.966793, 0.000000, 2532.668701,
          0.000000, 0.000000, 1.000000, 596.465393,
          0.000000, 0.000000, 0.000000, 1.000000
        ),
      [
        ["Range", 5.000000]
      ]
    ],

    [
      "RussianAmbush1",
      "NavPoint",
      "CZAxisCylNavPoint",
      new Matrix(
          -0.966793, 0.255560, 0.000000, 5122.119141,
          -0.255560, -0.966793, 0.000000, 2976.880615,
          0.000000, 0.000000, 1.000000, 596.661255,
          0.000000, 0.000000, 0.000000, 1.000000
        ),
      [
        ["Range", 20.000000],
        ["Detect", false],
        ["Name", ""],
        ["Mask", [[], []]],
        ["IsVisible", true],
        ["PositionType", ""],
        ["BehaviorHeight", 0.000000],
        ["MapCompass", false],
        ["IsMain", false]
      ]
    ],

    [
      "RussianAmbushTank_1",
      "NavPoint",
      "CZAxisCylNavPoint",
      new Matrix(
          -0.966793, 0.255560, 0.000000, 5085.373047,
          -0.255560, -0.966793, 0.000000, 3022.319580,
          0.000000, 0.000000, 1.000000, 587.748840,
          0.000000, 0.000000, 0.000000, 1.000000
        ),
      [
        ["Range", 5.000000],
        ["Detect", false],
        ["Name", ""],
        ["Mask", [[], []]],
        ["IsVisible", true],
        ["PositionType", ""],
        ["BehaviorHeight", 0.000000],
        ["MapCompass", false],
        ["IsMain", false]
      ]
    ],

    [
      "RussianAmbushTank_2",
      "NavPoint",
      "CZAxisCylNavPoint",
      new Matrix(
          -0.966793, 0.255560, 0.000000, 5082.538086,
          -0.255560, -0.966793, 0.000000, 2983.683350,
          0.000000, 0.000000, 1.000000, 587.159790,
          0.000000, 0.000000, 0.000000, 1.000000
        ),
      [
        ["Range", 5.000000],
        ["Detect", false],
        ["Name", ""],
        ["Mask", [[], []]],
        ["IsVisible", true],
        ["PositionType", ""],
        ["BehaviorHeight", 0.000000],
        ["MapCompass", false],
        ["IsMain", false]
      ]
    ],

    [
      "GermanPathLookOu1",
      "NavPoint",
      "CZAxisCylNavPoint",
      new Matrix(
          -0.966793, 0.255560, 0.000000, 5734.114258,
          -0.255560, -0.966793, 0.000000, 2811.791260,
          0.000000, 0.000000, 1.000000, 611.686340,
          0.000000, 0.000000, 0.000000, 1.000000
        ),
      [
        ["Range", 5.000000]
      ]
    ],

    [
      "GermanPathLookOu2",
      "NavPoint",
      "CZAxisCylNavPoint",
      new Matrix(
          -0.966793, 0.255560, 0.000000, 5721.027832,
          -0.255560, -0.966793, 0.000000, 2871.837891,
          0.000000, 0.000000, 1.000000, 613.235352,
          0.000000, 0.000000, 0.000000, 1.000000
        ),
      [
        ["Range", 5.000000]
      ]
    ],

    [
      "GermanPath_5",
      "NavPoint",
      "CZAxisCylNavPoint",
      new Matrix(
          -0.966793, 0.255560, 0.000000, 4864.778809,
          -0.255560, -0.966793, 0.000000, 3428.746338,
          0.000000, 0.000000, 1.000000, 576.829834,
          0.000000, 0.000000, 0.000000, 1.000000
        ),
      [
        ["Range", 5.000000]
      ]
    ],

    [
      "GermanPath_6",
      "NavPoint",
      "CZAxisCylNavPoint",
      new Matrix(
          -0.966793, 0.255560, 0.000000, 4805.292480,
          -0.255560, -0.966793, 0.000000, 3522.397705,
          0.000000, 0.000000, 1.000000, 591.808289,
          0.000000, 0.000000, 0.000000, 1.000000
        ),
      [
        ["Range", 5.000000]
      ]
    ],

    [
      "RussianAmbush2_1",
      "GameObject",
      "CGunZis3Unit",
      new Matrix(
          0.200566, 0.979263, -0.028577, 4631.994141,
          -0.979259, 0.199538, -0.035162, 3919.931885,
          -0.028731, 0.035037, 0.998973, 606.820068,
          0.000000, 0.000000, 0.000000, 1.000000
        ),
      [
        ["Task", "CBaseAITask"],
        ["Affiliation", "ENEMY"]
      ]
    ],

    [
      "RussianAmbush2_2",
      "GameObject",
      "CGunZis3Unit",
      new Matrix(
          0.290707, 0.955891, 0.041975, 4619.836914,
          -0.954928, 0.292606, -0.049931, 3918.024170,
          -0.060010, -0.025568, 0.997870, 606.969116,
          0.000000, 0.000000, 0.000000, 1.000000
        ),
      [
        ["Task", "CBaseAITask"],
        ["Affiliation", "ENEMY"]
      ]
    ],

    [
      "CC2M6RussianAmbush2_1",
      "UnitGroup",
      "BaseZisGroup",
      new Matrix(
          0.199041, 0.979991, 0.000000, 4632.589355,
          -0.979991, 0.199041, 0.000000, 3922.610840,
          0.000000, 0.000000, 1.000000, 607.171631,
          0.000000, 0.000000, 0.000000, 1.000000
        ),
      [
        ["Units", ["RussianAmbush2_1", "RusSoldierCrew_1", "RusSoldierCrew_2"]],
        ["GroupEnemyReaction", "ERT_AGGRESSIVE"]
      ]
    ],

    [
      "CC2M6RussianAmbush2_2",
      "UnitGroup",
      "BaseZisGroup",
      new Matrix(
          0.199041, 0.979991, 0.000000, 4619.065430,
          -0.979991, 0.199041, 0.000000, 3919.861084,
          0.000000, 0.000000, 1.000000, 607.307312,
          0.000000, 0.000000, 0.000000, 1.000000
        ),
      [
        ["Units", ["RussianAmbush2_2", "RusSoldierCrew_4", "RusSoldierCrew_5"]],
        ["GroupEnemyReaction", "ERT_AGGRESSIVE"]
      ]
    ],

    [
      "RussianAmbush2",
      "NavPoint",
      "CZAxisCylNavPoint",
      new Matrix(
          -0.966793, 0.255560, 0.000000, 4753.742676,
          -0.255560, -0.966793, 0.000000, 3959.314453,
          0.000000, 0.000000, 1.000000, 614.817566,
          0.000000, 0.000000, 0.000000, 1.000000
        ),
      [
        ["Range", 20.000000],
        ["Detect", false],
        ["Name", ""],
        ["Mask", [[], []]],
        ["IsVisible", true],
        ["PositionType", ""],
        ["BehaviorHeight", 0.000000],
        ["MapCompass", false],
        ["IsMain", false]
      ]
    ],

    [
      "RusSoldierCrew_1",
      "GameObject",
      "CSovietSoldierRifleUnit",
      new Matrix(
          0.199041, 0.979991, 0.000000, 4632.589355,
          -0.979991, 0.199041, 0.000000, 3922.610840,
          0.000000, 0.000000, 1.000000, 607.171570,
          0.000000, 0.000000, 0.000000, 1.000000
        ),
      [
        ["Task", "CBaseAITask"],
        ["Affiliation", "ENEMY"],
        ["Guncrew", true]
      ]
    ],

    [
      "RusSoldierCrew_2",
      "GameObject",
      "CSovietSoldierRifleUnit",
      new Matrix(
          0.199041, 0.979991, 0.000000, 4631.219238,
          -0.979991, 0.199041, 0.000000, 3922.128174,
          0.000000, 0.000000, 1.000000, 607.110413,
          0.000000, 0.000000, 0.000000, 1.000000
        ),
      [
        ["Task", "CBaseAITask"],
        ["Affiliation", "ENEMY"],
        ["Guncrew", true]
      ]
    ],

    [
      "RusSoldierCrew_4",
      "GameObject",
      "CSovietSoldierRifleUnit",
      new Matrix(
          0.199041, 0.979991, 0.000000, 4619.065430,
          -0.979991, 0.199041, 0.000000, 3919.861084,
          0.000000, 0.000000, 1.000000, 607.309265,
          0.000000, 0.000000, 0.000000, 1.000000
        ),
      [
        ["Task", "CBaseAITask"],
        ["Affiliation", "ENEMY"],
        ["Guncrew", true]
      ]
    ],

    [
      "RusSoldierCrew_5",
      "GameObject",
      "CSovietSoldierRifleUnit",
      new Matrix(
          0.199041, 0.979991, 0.000000, 4619.505371,
          -0.979991, 0.199041, 0.000000, 3920.999268,
          0.000000, 0.000000, 1.000000, 607.392151,
          0.000000, 0.000000, 0.000000, 1.000000
        ),
      [
        ["Task", "CBaseAITask"],
        ["Affiliation", "ENEMY"],
        ["Guncrew", true]
      ]
    ],

    [
      "GermanPath_7",
      "NavPoint",
      "CZAxisCylNavPoint",
      new Matrix(
          -0.966793, 0.255560, 0.000000, 4885.200195,
          -0.255560, -0.966793, 0.000000, 4171.069336,
          0.000000, 0.000000, 1.000000, 618.552795,
          0.000000, 0.000000, 0.000000, 1.000000
        ),
      [
        ["Range", 20.000000],
        ["Detect", false],
        ["Name", ""],
        ["Mask", [[], []]],
        ["IsVisible", true],
        ["PositionType", ""],
        ["BehaviorHeight", 0.000000],
        ["MapCompass", false],
        ["IsMain", false]
      ]
    ],

    [
      "GermanPath_8",
      "NavPoint",
      "CZAxisCylNavPoint",
      new Matrix(
          -0.966793, 0.255560, 0.000000, 4763.382324,
          -0.255560, -0.966793, 0.000000, 4702.406738,
          0.000000, 0.000000, 1.000000, 626.417908,
          0.000000, 0.000000, 0.000000, 1.000000
        ),
      [
        ["Range", 5.000000]
      ]
    ],

    [
      "RussianAmbush3_20",
      "GameObject",
      "CSAUSU85Unit",
      new Matrix(
          0.240751, 0.968483, 0.063867, 4835.841309,
          -0.970463, 0.241251, -0.000112, 5479.043457,
          -0.015517, -0.061953, 0.997958, 653.805115,
          0.000000, 0.000000, 0.000000, 1.000000
        ),
      [
        ["Affiliation", "ENEMY"],
        ["Task", "CBaseAISAUTask"],
        ["Number", "SAU_215"]
      ]
    ],

    [
      "RussianAmbush3_30",
      "GameObject",
      "CSAUSU85Unit",
      new Matrix(
          0.235497, 0.971858, -0.005752, 4925.503418,
          -0.971875, 0.235493, -0.001399, 5482.754883,
          -0.000005, 0.005920, 0.999982, 652.044556,
          0.000000, 0.000000, 0.000000, 1.000000
        ),
      [
        ["Affiliation", "ENEMY"],
        ["Task", "CBaseAISAUTask"],
        ["Number", "SAU_224"]
      ]
    ],

    [
      "RussianAmbush3",
      "NavPoint",
      "CZAxisCylNavPoint",
      new Matrix(
          -0.966793, 0.255560, 0.000000, 4840.801758,
          -0.255560, -0.966793, 0.000000, 5332.720215,
          0.000000, 0.000000, 1.000000, 667.101318,
          0.000000, 0.000000, 0.000000, 1.000000
        ),
      [
        ["Range", 20.000000],
        ["Detect", false],
        ["Name", ""],
        ["Mask", [[], []]],
        ["IsVisible", true],
        ["PositionType", ""],
        ["BehaviorHeight", 0.000000],
        ["MapCompass", false],
        ["IsMain", false]
      ]
    ],

    [
      "GermanPath_9",
      "NavPoint",
      "CZAxisCylNavPoint",
      new Matrix(
          -0.966793, 0.255560, 0.000000, 4873.059082,
          -0.255560, -0.966793, 0.000000, 4997.349121,
          0.000000, 0.000000, 1.000000, 651.356384,
          0.000000, 0.000000, 0.000000, 1.000000
        ),
      [
        ["Range", 5.000000]
      ]
    ],

    [
      "GermanPath_10",
      "NavPoint",
      "CZAxisCylNavPoint",
      new Matrix(
          -0.966793, 0.255560, 0.000000, 5103.393066,
          -0.255560, -0.966793, 0.000000, 5401.131348,
          0.000000, 0.000000, 1.000000, 670.141541,
          0.000000, 0.000000, 0.000000, 1.000000
        ),
      [
        ["Range", 5.000000]
      ]
    ],

    [
      "RussianAmbushSAU_1",
      "NavPoint",
      "CZAxisCylNavPoint",
      new Matrix(
          -0.966793, 0.255560, 0.000000, 4846.325195,
          -0.255560, -0.966793, 0.000000, 5402.240234,
          0.000000, 0.000000, 1.000000, 663.902466,
          0.000000, 0.000000, 0.000000, 1.000000
        ),
      [
        ["Range", 20.000000],
        ["Detect", false],
        ["Name", ""],
        ["Mask", [[], []]],
        ["IsVisible", true],
        ["PositionType", ""],
        ["BehaviorHeight", 0.000000],
        ["MapCompass", false],
        ["IsMain", false]
      ]
    ],

    [
      "RussianAmbushSAU_2",
      "NavPoint",
      "CZAxisCylNavPoint",
      new Matrix(
          -0.966793, 0.255560, 0.000000, 4931.338867,
          -0.255560, -0.966793, 0.000000, 5404.983887,
          0.000000, 0.000000, 1.000000, 659.633911,
          0.000000, 0.000000, 0.000000, 1.000000
        ),
      [
        ["Range", 20.000000],
        ["Detect", false],
        ["Name", ""],
        ["Mask", [[], []]],
        ["IsVisible", true],
        ["PositionType", ""],
        ["BehaviorHeight", 0.000000],
        ["MapCompass", false],
        ["IsMain", false]
      ]
    ],

    [
      "RussianPath1_1_1",
      "NavPoint",
      "CZAxisCylNavPoint",
      new Matrix(
          -0.966793, 0.255560, 0.000000, 5300.422363,
          -0.255560, -0.966793, 0.000000, 2557.451660,
          0.000000, 0.000000, 1.000000, 565.146912,
          0.000000, 0.000000, 0.000000, 1.000000
        ),
      [
        ["Range", 5.000000]
      ]
    ],

    [
      "RussianPath1_1_2",
      "NavPoint",
      "CZAxisCylNavPoint",
      new Matrix(
          -0.966793, 0.255560, 0.000000, 5281.273926,
          -0.255560, -0.966793, 0.000000, 2617.395508,
          0.000000, 0.000000, 1.000000, 597.001953,
          0.000000, 0.000000, 0.000000, 1.000000
        ),
      [
        ["Range", 5.000000]
      ]
    ],

    [
      "GermanPath_11",
      "NavPoint",
      "CZAxisCylNavPoint",
      new Matrix(
          -0.966793, 0.255560, 0.000000, 4932.233398,
          -0.255560, -0.966793, 0.000000, 5830.035156,
          0.000000, 0.000000, 1.000000, 618.364990,
          0.000000, 0.000000, 0.000000, 1.000000
        ),
      [
        ["Range", 5.000000]
      ]
    ],

    [
      "GermanPath_12",
      "NavPoint",
      "CZAxisCylNavPoint",
      new Matrix(
          -0.966793, 0.255560, 0.000000, 4851.143555,
          -0.255560, -0.966793, 0.000000, 6163.935059,
          0.000000, 0.000000, 1.000000, 615.694519,
          0.000000, 0.000000, 0.000000, 1.000000
        ),
      [
        ["Range", 30.000000],
        ["Detect", true],
        ["Name", ""],
        ["Mask", [[], []]],
        ["IsVisible", true],
        ["PositionType", ""],
        ["BehaviorHeight", 0.000000],
        ["MapCompass", false],
        ["IsMain", false]
      ]
    ],

    [
      "RussianTank_PunisherGroup1_1",
      "GameObject",
      "CTankT34_85_44Unit",
      new Matrix(
          -0.125251, -0.987619, -0.094454, 5300.922852,
          0.980987, -0.109057, -0.160536, 2543.601807,
          0.148248, -0.112766, 0.982500, 564.530518,
          0.000000, 0.000000, 0.000000, 1.000000
        ),
      [
        ["BehRadarMask", [["FRIEND", "MainMesh"], ["NEUTRAL", "AIR", "INVISIBLE_ON_RADAR"]]],
        ["Affiliation", "ENEMY"],
        ["Task", "CBaseAITankTask"],
        ["Number", "22_13"]
      ]
    ],

    [
      "RussianTank_PunisherGroup1_2",
      "GameObject",
      "CTankT34_85_44Unit",
      new Matrix(
          -0.142709, -0.989283, -0.030868, 5343.518066,
          0.960162, -0.130803, -0.246938, 2515.523438,
          0.240254, -0.064879, 0.968539, 560.651367,
          0.000000, 0.000000, 0.000000, 1.000000
        ),
      [
        ["BehRadarMask", [["FRIEND", "MainMesh"], ["NEUTRAL", "AIR", "INVISIBLE_ON_RADAR"]]],
        ["Affiliation", "ENEMY"],
        ["Task", "CBaseAITankTask"],
        ["Number", "22_14"]
      ]
    ],

    [
      "RussianTank_PunisherGroup1",
      "UnitGroup",
      "RussianTank_PunisherGroup",
      new Matrix(
          -0.129284, -0.991545, 0.011130, 5300.922852,
          0.991162, -0.128881, 0.031442, 2543.601807,
          -0.029741, 0.015096, 0.999444, 571.554199,
          0.000000, 0.000000, 0.000000, 1.000000
        ),
      [
        ["Units", ["RussianTank_PunisherGroup1_1", "RussianTank_PunisherGroup1_2"]],
        ["Path", ["RussianPath1_1_1", "RussianPath1_1_2", "RussianPath1_1_3", "RussianPath1_1_4"]],
        ["DelayedOrder", true],
        ["Formation", "CFrontFormation"],
        ["FormationDistance", 40],
        ["MovingSpeed", 8],
        ["FirstOrder", "Patrol"],
        ["CyclePath", false],
        ["MinDifficulty", 0]
      ]
    ],

    [
      "RussianTank_PunisherGroup2_1",
      "GameObject",
      "CTankT34_85_44Unit",
      new Matrix(
          -0.913549, -0.406729, 0.000006, 6272.178711,
          0.405905, -0.911699, -0.063603, 2703.885498,
          0.025874, -0.058102, 0.997975, 620.791016,
          0.000000, 0.000000, 0.000000, 1.000000
        ),
      [
        ["BehRadarMask", [["FRIEND", "MainMesh"], ["NEUTRAL", "AIR", "INVISIBLE_ON_RADAR"]]],
        ["Affiliation", "ENEMY"],
        ["Task", "CBaseAITankTask"],
        ["Number", "22_22"]
      ]
    ],

    [
      "RussianTank_PunisherGroup2_2",
      "GameObject",
      "CTankT34_85_44Unit",
      new Matrix(
          -0.914130, -0.404661, -0.024832, 6321.547363,
          0.404949, -0.908392, -0.104120, 2797.445068,
          0.019576, -0.105235, 0.994255, 628.559692,
          0.000000, 0.000000, 0.000000, 1.000000
        ),
      [
        ["BehRadarMask", [["FRIEND", "MainMesh"], ["NEUTRAL", "AIR", "INVISIBLE_ON_RADAR"]]],
        ["Affiliation", "ENEMY"],
        ["Task", "CBaseAITankTask"],
        ["Number", "22_24"]
      ]
    ],

    [
      "RussianTank_PunisherGroup2",
      "UnitGroup",
      "RussianTank_PunisherGroup",
      new Matrix(
          -0.913549, -0.406729, -0.000012, 6272.178711,
          0.405906, -0.911699, -0.063602, 2703.885498,
          0.025857, -0.058109, 0.997975, 620.791138,
          0.000000, 0.000000, 0.000000, 1.000000
        ),
      [
        ["Units", ["RussianTank_PunisherGroup2_1", "RussianTank_PunisherGroup2_2"]],
        ["Path", ["RussianPunisher_1", "RussianPunisher_2", "GermanPath_1", "GermanPath_2", "GermanPath_3"]],
        ["DelayedOrder", true],
        ["Formation", "CFrontFormation"],
        ["FormationDistance", 40],
        ["MovingSpeed", 8],
        ["FirstOrder", "Patrol"],
        ["CyclePath", false],
        ["MinDifficulty", 0]
      ]
    ],

    [
      "RussianPunisher_1",
      "NavPoint",
      "CZAxisCylNavPoint",
      new Matrix(
          -0.966793, 0.255560, 0.000000, 6126.795898,
          -0.255560, -0.966793, 0.000000, 2809.664063,
          0.000000, 0.000000, 1.000000, 623.832581,
          0.000000, 0.000000, 0.000000, 1.000000
        ),
      [
        ["Range", 5.000000]
      ]
    ],

    [
      "RussianPunisher_2",
      "NavPoint",
      "CZAxisCylNavPoint",
      new Matrix(
          -0.966793, 0.255560, 0.000000, 5927.673340,
          -0.255560, -0.966793, 0.000000, 2857.083740,
          0.000000, 0.000000, 1.000000, 623.488464,
          0.000000, 0.000000, 0.000000, 1.000000
        ),
      [
        ["Range", 5.000000]
      ]
    ],

    [
      "RussianPath1_1_3",
      "NavPoint",
      "CZAxisCylNavPoint",
      new Matrix(
          -0.966793, 0.255560, 0.000000, 5238.374023,
          -0.255560, -0.966793, 0.000000, 2740.863770,
          0.000000, 0.000000, 1.000000, 578.758789,
          0.000000, 0.000000, 0.000000, 1.000000
        ),
      [
        ["Range", 5.000000]
      ]
    ],

    [
      "RussianPath1_1_4",
      "NavPoint",
      "CZAxisCylNavPoint",
      new Matrix(
          -0.966793, 0.255560, 0.000000, 5314.847656,
          -0.255560, -0.966793, 0.000000, 2811.644531,
          0.000000, 0.000000, 1.000000, 591.370239,
          0.000000, 0.000000, 0.000000, 1.000000
        ),
      [
        ["Range", 5.000000]
      ]
    ],

    [
      "CC2M6Gr_BatteryGun1",
      "UnitGroup",
      "BaseZisGroup",
      new Matrix(
          0.683689, 0.729773, 0.000000, 4523.389160,
          -0.729773, 0.683689, 0.000000, 5320.966309,
          0.000000, 0.000000, 1.000000, 653.399658,
          0.000000, 0.000000, 0.000000, 1.000000
        ),
      [
        ["Units", ["ZisBattery2Cannon_1", "ZisBattery2Cannon_1Canoneer_1", "ZisBattery2Cannon_1Canoneer_2"]],
        ["GroupEnemyReaction", "ERT_AGGRESSIVE"]
      ]
    ],

    [
      "ZisBattery2Cannon_1",
      "GameObject",
      "CGunZis3Unit",
      new Matrix(
          0.682371, 0.728231, -0.063629, 4525.326660,
          -0.729710, 0.683756, -0.000007, 5319.656250,
          0.043502, 0.046436, 0.997974, 654.262451,
          0.000000, 0.000000, 0.000000, 1.000000
        ),
      [
        ["Task", "CBaseAITask"],
        ["Affiliation", "ENEMY"]
      ]
    ],

    [
      "ZisBattery2Cannon_1Canoneer_1",
      "GameObject",
      "CSovietSoldierRifleUnit",
      new Matrix(
          0.683689, 0.729773, 0.000000, 4523.389160,
          -0.729773, 0.683689, 0.000000, 5320.966309,
          0.000000, 0.000000, 1.000000, 653.399536,
          0.000000, 0.000000, 0.000000, 1.000000
        ),
      [
        ["Affiliation", "ENEMY"],
        ["Task", "CBaseAITask"],
        ["Guncrew", true]
      ]
    ],

    [
      "ZisBattery2Cannon_1Canoneer_2",
      "GameObject",
      "CSovietSoldierRifleUnit",
      new Matrix(
          0.683689, 0.729773, 0.000000, 4524.411133,
          -0.729773, 0.683689, 0.000000, 5321.270020,
          0.000000, 0.000000, 1.000000, 653.420593,
          0.000000, 0.000000, 0.000000, 1.000000
        ),
      [
        ["Affiliation", "ENEMY"],
        ["Task", "CBaseAITask"],
        ["Guncrew", true]
      ]
    ],

    [
      "CC2M6Gr_BatteryGun2",
      "UnitGroup",
      "BaseZisGroup",
      new Matrix(
          0.683689, 0.729773, 0.000000, 4516.424316,
          -0.729773, 0.683689, 0.000000, 5311.477539,
          0.000000, 0.000000, 1.000000, 653.389954,
          0.000000, 0.000000, 0.000000, 1.000000
        ),
      [
        ["Units", ["ZisBattery2Cannon_2", "ZisBattery2Cannon_2Canoneer_1", "ZisBattery2Cannon_2Canoneer_2"]],
        ["GroupEnemyReaction", "ERT_AGGRESSIVE"]
      ]
    ],

    [
      "ZisBattery2Cannon_2",
      "GameObject",
      "CGunZis3Unit",
      new Matrix(
          0.680810, 0.728173, -0.079127, 4518.619629,
          -0.732367, 0.678460, -0.057713, 5310.272461,
          0.011659, 0.097242, 0.995192, 653.414307,
          0.000000, 0.000000, 0.000000, 1.000000
        ),
      [
        ["Task", "CBaseAITask"],
        ["Affiliation", "ENEMY"]
      ]
    ],

    [
      "ZisBattery2Cannon_2Canoneer_1",
      "GameObject",
      "CSovietSoldierRifleUnit",
      new Matrix(
          0.683689, 0.729773, 0.000000, 4516.424316,
          -0.729773, 0.683689, 0.000000, 5311.477539,
          0.000000, 0.000000, 1.000000, 653.389954,
          0.000000, 0.000000, 0.000000, 1.000000
        ),
      [
        ["Affiliation", "ENEMY"],
        ["Task", "CBaseAITask"],
        ["Guncrew", true]
      ]
    ],

    [
      "ZisBattery2Cannon_2Canoneer_2",
      "GameObject",
      "CSovietSoldierRifleUnit",
      new Matrix(
          0.683689, 0.729773, 0.000000, 4517.614258,
          -0.729773, 0.683689, 0.000000, 5312.043457,
