//-------------------------------------------------------------------
//                                                                   
//  This code is copyright 2001 by G5 Software.                      
//  Any unauthorized usage, either in part or in whole of this code  
//  is strictly prohibited. Violators WILL be prosecuted to the      
//  maximum extent allowed by law.                                   
//  REDUX Alignment & Structure Check                                                                 
//-------------------------------------------------------------------
//                                                                   
//  Automatically-generated mission script file                      
//  DO NOT EDIT!                                                     
//                                                                   
//-------------------------------------------------------------------


class CC1M3Content
{
  static String m_ObjectListClassFile = "Missions/Campaign_1/Mission_3/Content.script";
  static String m_ObjectListClassName = "CC1M3Content";

  static Array  m_MissionObjectList   = [
    [
      "Atmosphere",
      "",
      "",
      new Matrix(
          1.000000, 0.000000, 0.000000, 0.000000,
          0.000000, 1.000000, 0.000000, 0.000000,
          0.000000, 0.000000, 1.000000, 0.000000,
          0.000000, 0.000000, 0.000000, 1.000000
        ),
      [
        ["AmbientLight", new Color(0.25, 0.20, 0.35, 1.0)],  // Purple-warm shadows jm 0.372549, 0.372549, 0.372549, 1.000000		
        ["AntiSunAngle", 60.000000], //jm 60.00000
        ["AntiSunColor", new Color(0.611765, 0.541176, 0.439216, 1.0)], //jm 0.376471, 0.376471, 0.376471, 1.000000
        ["AntiSunIntensity", 0.60000], //jm 0.200000
        ["EnableHorizontAdjustment", true],
        ["FogColorXPos", new Color(0.80, 0.55, 0.35, 1.0)],  // Warm sunset haze
        ["FogColorXNeg", new Color(0.25, 0.20, 0.30, 1.0)],  // Dark purple
        ["FogColorYPos", new Color(0.733333, 0.819608, 1.000000, 1.000000)],
        ["FogColorYNeg", new Color(0.592157, 0.725490, 1.000000, 1.000000)],
        ["FogDensity", 0.001400], //jm 0.000800
        ["FogNear", 10.000000], //jm 1000
        ["FogFar", 800.000000], //jm 1200
        ["FogFarMax", 3500.000000], //jm 3500
        ["FogMode", "Exp"], //jm Exp2
        ["ShadowColor", new Color(0.356863, 0.305882, 0.250980, 1.0)], //jm 0.607843, 0.607843, 0.607843, 1.000000
        ["SunColor", new Color(1.0, 0.85, 0.65, 1.0)], // (0.752941, 0.752941, 0.752941, 1.000000) jm
        ["SunDirection", new Vector(0.99, -0.05, -0.50)],  // jm ADDED THIS!
        ["SunIntensity", 0.4], //jm 0.900000
        ["TreeLightKoef", 0.700000], //jm 2.6
        ["TreeNormalRelax", 0.000000],
        ["TreeShadowLodDistance", 25.000000],
        ["AntiSunHorAngle", 180.000000], //jm 90.00000
        ["StencilShadowColor", new Color(0.356863, 0.305882, 0.250980, 1.0)], //jm 0.603922, 0.603922, 0.603922, 1.000000
        ["SunSpecularIntensity", 0.800000], //jm 0.500000
        ["AntiSunSpecularIntensity", 0.200000],
        ["ShadowFar", 560.0] //jm Set to 70% of FogFar for realistic depth
      ]
    ],

    [
      "Terrain",
      "",
      "",
      new Matrix(
          1.000000, 0.000000, 0.000000, 0.000000,
          0.000000, 1.000000, 0.000000, 0.000000,
          0.000000, 0.000000, 1.000000, 0.000000,
          0.000000, 0.000000, 0.000000, 1.000000
        ),
      [
        ["ForestTextureScale", 0.500000],
        ["ForestShadowBorderScale", 0.400000],
        ["ForestShadowAlphaScale", 0.500000],
        ["ForestBeginFadeDist", [250.000000, 480.000000]],       
        ["VertForestDistMin", 800.000000],
        ["VertForestDistMax", 8000.000000],
        ["VertForestAngleMin", 0.000000],
        ["VertForestAngleMax", 45.000000],
        ["VertForestBeginFadeDist", [250.000000, 410.000000]],
        ["TerrainShadowPower", 3.000000], 
        ["IsAntiLighting", true],   
        ["NormalNoise", 0.100000],
        ["WaterBorderColor", new Color(0.568627, 0.537255, 0.435294, 1.000000)]
      ]
    ],

    [
      "MainPlayerUnit",
      "GameObject",
      "CTankT34_85_44Unit",
      new Matrix(
          -0.997356, -0.072299, 0.007259, 5911.598633,
          0.072434, -0.997165, 0.020386, 2932.781738,
          0.005765, 0.020858, 0.999766, 622.226196,
          0.000000, 0.000000, 0.000000, 1.000000
        ),
      [
        ["IsPlayer", true],
        ["IsManual", true],
        ["Affiliation", "FRIEND"],
        ["SurfaceControl", "None"],
        ["Number", "22_18"]
      ]
    ],

    [
      "CC1M3RussianPanzer_Group1",
      "UnitGroup",
      "CC1M3RussianPanzer_Group1",
      new Matrix(
          -0.998277, -0.035241, 0.046928, 5912.405273,
          0.037311, -0.998335, 0.043997, 2949.263428,
          0.045299, 0.045672, 0.997929, 623.797485,
          0.000000, 0.000000, 0.000000, 1.000000
        ),
      [
        ["Units", ["Russian1_T34_01", "Russian1_T34_02"]],
        ["Path", ["NavPoint_RussianGroup1_Patrol_1", "NavPoint_RussianGroup1_Patrol_1_1", "NavPoint_RussianGroup1_Patrol_2", "NavPoint_RussianGroup1_Patrol_3"]],
        ["DelayedOrder", true],
        ["Formation", "Column"],
        ["MovingSpeed", 2],
        ["FirstOrder", "Patrol"],
        ["CyclePath", false],
        ["MinDifficulty", 0]
      ]
    ],

    [
      "Russian1_T34_01",
      "GameObject",
      "CTankT34_85_44Unit",
      new Matrix(
          -0.999374, -0.035315, 0.002233, 5912.405273,
          0.035350, -0.999208, 0.018239, 2949.263428,
          0.001587, 0.018306, 0.999831, 621.826965,
          0.000000, 0.000000, 0.000000, 1.000000
        ),
      [
        ["Affiliation", "FRIEND"],
        ["Task", "CC1M3RussianPanzerGroup1Task"],
        ["Number", "22_34"]
      ]
    ],

    [
      "Russian1_T34_02",
      "GameObject",
      "CTankT34_85_44Unit",
      new Matrix(
          -0.999997, 0.002334, 0.000000, 5913.606445,
          -0.002334, -0.999997, 0.000000, 2966.134766,
          0.000000, 0.000000, 1.000000, 621.500732,
          0.000000, 0.000000, 0.000000, 1.000000
        ),
      [
        ["Affiliation", "FRIEND"],
        ["Task", "CC1M3RussianPanzerGroup1Task"],
        ["Number", "22_36"]
      ]
    ],

    [
      "NavPoint_RussianGroup1_Patrol_1",
      "NavPoint",
      "CZAxisCylNavPoint",
      new Matrix(
          -0.874087, 0.485769, 0.000000, 5787.311523,
          -0.485769, -0.874087, 0.000000, 2849.989014,
          0.000000, 0.000000, 1.000000, 622.463745,
          0.000000, 0.000000, 0.000000, 1.000000
        ),
      [
        ["Range", 4.000000],
        ["PositionType", "Ground"]
      ]
    ],

    [
      "NavPoint_RussianGroup1_Patrol_1_1",
      "NavPoint",
      "CZAxisCylNavPoint",
      new Matrix(
          -0.874087, 0.485769, 0.000000, 5730.920898,
          -0.485769, -0.874087, 0.000000, 2840.925293,
          0.000000, 0.000000, 1.000000, 624.612610,
          0.000000, 0.000000, 0.000000, 1.000000
        ),
      [
        ["Range", 4.000000],
        ["PositionType", "Ground"]
      ]
    ],

    [
      "NavPoint_RussianGroup1_Patrol_2",
      "NavPoint",
      "CZAxisCylNavPoint",
      new Matrix(
          -0.874087, 0.485769, 0.000000, 5487.658203,
          -0.485769, -0.874087, 0.000000, 2852.641602,
          0.000000, 0.000000, 1.000000, 594.203918,
          0.000000, 0.000000, 0.000000, 1.000000
        ),
      [
        ["Range", 4.000000],
        ["PositionType", "Ground"]
      ]
    ],

    [
      "NavPoint_RussianGroup1_Patrol_3",
      "NavPoint",
      "CZAxisCylNavPoint",
      new Matrix(
          -0.874087, 0.485769, 0.000000, 5049.118164,
          -0.485769, -0.874087, 0.000000, 3182.292725,
          0.000000, 0.000000, 1.000000, 587.888733,
          0.000000, 0.000000, 0.000000, 1.000000
        ),
      [
        ["Detect", true],
        ["Mask", [["MainMesh"], []]],
        ["Range", 4.000000]
      ]
    ],

    [
      "CC1M3RussianPanzer_Group2",
      "UnitGroup",
      "CC1M3RussianPanzer_Group2",
      new Matrix(
          -0.037953, -0.999267, -0.004936, 5260.592285,
          0.959190, -0.035044, -0.280582, 2485.669434,
          0.280203, -0.015384, 0.959817, 551.101379,
          0.000000, 0.000000, 0.000000, 1.000000
        ),
      [
        ["Units", ["Russian2_T34_01", "Russian2_T34_02"]],
        ["Path", ["NavPoint_RussianGroup2_Patrol_1", "NavPoint_RussianGroup2_Patrol_2", "NavPoint_RussianGroup2_Patrol_3"]],
        ["DelayedOrder", true],
        ["Formation", "Column"],
        ["FormationDistance", 40],
        ["MovingSpeed", 2],
        ["FirstOrder", "Patrol"],
        ["CyclePath", false],
        ["MinDifficulty", 0]
      ]
    ],

    [
      "Russian2_T34_01",
      "GameObject",
      "CTankT34_76_42Unit",
      new Matrix(
          -0.038076, -0.995188, 0.090279, 5260.592285,
          0.950960, -0.063839, -0.302653, 2485.669434,
          0.306960, 0.074328, 0.948815, 586.125366,
          0.000000, 0.000000, 0.000000, 1.000000
        ),
      [
        ["Affiliation", "FRIEND"],
        ["Task", "CC1M3RussianPanzerGroup2Task"],
        ["Number", "22_37"]
      ]
    ],

    [
      "Russian2_T34_02",
      "GameObject",
      "CTankT34_76_42Unit",
      new Matrix(
          -0.039876, -0.998235, 0.044017, 5260.786621,
          0.942636, -0.052194, -0.329716, 2475.667969,
          0.331431, 0.028344, 0.943053, 582.722656,
          0.000000, 0.000000, 0.000000, 1.000000
        ),
      [
        ["Affiliation", "FRIEND"],
        ["Task", "CC1M3RussianPanzerGroup2Task"],
        ["Number", "22_39"]
      ]
    ],

    [
      "NavPoint_RussianGroup2_Patrol_1",
      "NavPoint",
      "CZAxisCylNavPoint",
      new Matrix(
          -0.874087, 0.485769, 0.000000, 5230.965332,
          -0.485769, -0.874087, 0.000000, 2716.207764,
          0.000000, 0.000000, 1.000000, 598.034668,
          0.000000, 0.000000, 0.000000, 1.000000
        ),
      [
        ["Range", 4.000000],
        ["Detect", true],
        ["Mask", [["MainMesh"], []]]
      ]
    ],

    [
      "NavPoint_RussianGroup2_Patrol_2",
      "NavPoint",
      "CZAxisCylNavPoint",
      new Matrix(
          -0.874087, 0.485769, 0.000000, 5189.878906,
          -0.485769, -0.874087, 0.000000, 2940.192383,
          0.000000, 0.000000, 1.000000, 587.164917,
          0.000000, 0.000000, 0.000000, 1.000000
        ),
      [
        ["Range", 4.000000]
      ]
    ],

    [
      "NavPoint_RussianGroup2_Patrol_3",
      "NavPoint",
      "CZAxisCylNavPoint",
      new Matrix(
          -0.874087, 0.485769, 0.000000, 5050.034180,
          -0.485769, -0.874087, 0.000000, 3181.019775,
          0.000000, 0.000000, 1.000000, 587.888611,
          0.000000, 0.000000, 0.000000, 1.000000
        ),
      [
        ["Range", 4.000000]
      ]
    ],

    [
      "CC1M3Gr_KurtenkiBTRScout",
      "UnitGroup",
      "CC1M3Gr_KurtenkiBTRScout",
      new Matrix(
          0.964469, 0.263257, -0.022275, 5090.218750,
          -0.263216, 0.964725, 0.004786, 3098.972412,
          0.022749, 0.001247, 0.999740, 585.871643,
          0.000000, 0.000000, 0.000000, 1.000000
        ),
      [
        ["Units", ["KurtenkiBTRScout"]],
        ["Path", ["NP_KurtenkiBTRScout_RetreatPoint"]],
        ["DelayedOrder", true],
        ["MovingSpeed", 5.500000],
        ["FirstOrder", "Patrol"],
        ["CyclePath", false]
      ]
    ],

    [
      "KurtenkiBTRScout",
      "GameObject",
      "CBtrHanomag251AusfCUnit",
      new Matrix(
          0.964559, 0.263660, -0.010395, 5090.218750,
          -0.263235, 0.964230, 0.031116, 3098.972412,
          0.018227, -0.027277, 0.999462, 587.226685,
          0.000000, 0.000000, 0.000000, 1.000000
        ),
      [
        ["Affiliation", "ENEMY"],
        ["Task", "CC1M3Tsk_KurtenkiBTRScout"],
        ["SurfaceControl", "PutonGround"]
      ]
    ],

    [
      "NP_KurtenkiBTRScout_RetreatPoint",
      "NavPoint",
      "CZAxisCylNavPoint",
      new Matrix(
          -0.996670, -0.081534, 0.000000, 4941.328613,
          0.081534, -0.996670, 0.000000, 3255.766357,
          0.000000, 0.000000, 1.000000, 579.140381,
          0.000000, 0.000000, 0.000000, 1.000000
        ),
      [
        ["Detect", true],
        ["Mask", [["KurtenkiBTRScout"], []]],
        ["Range", 35.000000]
      ]
    ],

    [
      "CC1M3Gr_KurtenkiBTR",
      "UnitGroup",
      "CC1M3Gr_KurtenkiBTR",
      new Matrix(
          0.999539, -0.015158, 0.026293, 4865.744629,
          0.015230, 0.999881, -0.002566, 3255.693848,
          -0.026251, 0.002965, 0.999651, 578.919983,
          0.000000, 0.000000, 0.000000, 1.000000
        ),
      [
        ["Units", ["KurtenkiBTR"]],
        ["GroupEnemyReaction", "ERT_FRIGID"]
      ]
    ],

    [
      "KurtenkiBTR",
      "GameObject",
      "CBtrHanomag251AusfCUnit",
      new Matrix(
          0.999502, -0.015233, 0.027630, 4865.744629,
          0.015234, 0.999884, 0.000168, 3255.693848,
          -0.027630, 0.000253, 0.999618, 578.917664,
          0.000000, 0.000000, 0.000000, 1.000000
        ),
      [
        ["Affiliation", "ENEMY"],
        ["Task", "CBaseAIBtrTask"]
      ]
    ],

    [
      "NP_KurtenkiBTR_GunPakPoint",
      "NavPoint",
      "CZAxisCylNavPoint",
      new Matrix(
          -0.742468, -0.669882, 0.000000, 4841.916992,
          0.669882, -0.742468, 0.000000, 3087.171631,
          0.000000, 0.000000, 1.000000, 580.610657,
          0.000000, 0.000000, 0.000000, 1.000000
        ),
      [
        ["Detect", true],
        ["Mask", [["KurtenkiBTR"], []]],
        ["Range", 3.000000]
      ]
    ],

    [
      "CC1M3Gr_KurtenkiGunPak_1",
      "UnitGroup",
      "CC1M3Gr_KurtenkiGunPak_1",
      new Matrix(
          0.893111, -0.449837, 0.000000, 4876.014648,
          0.449837, 0.893111, 0.000000, 3223.951904,
          0.000000, 0.000000, 1.000000, 578.209961,
          0.000000, 0.000000, 0.000000, 1.000000
        ),
      [
        ["Units", ["KurtenkiGunPak_1", "Kurtgun1canoneer1", "Kurtgun1canoneer2"]]
      ]
    ],

    [
      "KurtenkiGunPak_1",
      "GameObject",
      "CGunPak40Unit",
      new Matrix(
          0.993743, -0.111689, -0.000015, 4878.655762,
          0.111689, 0.993743, 0.000000, 3223.682129,
          0.000015, -0.000002, 1.000000, 578.349915,
          0.000000, 0.000000, 0.000000, 1.000000
        ),
      [
        ["Affiliation", "ENEMY"],
        ["Task", "CBaseAITask"]
      ]
    ],

    [
      "Kurtgun1canoneer1",
      "GameObject",
      "CGermanSoldierRifleUnit",
      new Matrix(
          0.893111, -0.449837, 0.000000, 4876.014648,
          0.449837, 0.893111, 0.000000, 3223.951904,
          0.000000, 0.000000, 1.000000, 578.209961,
          0.000000, 0.000000, 0.000000, 1.000000
        ),
      [
        ["Affiliation", "ENEMY"],
        ["Guncrew", true],
        ["Task", "CBaseAITask"]
      ]
    ],

    [
      "Kurtgun1canoneer2",
      "GameObject",
      "CGermanSoldierRifleUnit",
      new Matrix(
          0.893111, -0.449837, 0.000000, 4876.877930,
          0.449837, 0.893111, 0.000000, 3222.866699,
          0.000000, 0.000000, 1.000000, 578.209961,
          0.000000, 0.000000, 0.000000, 1.000000
        ),
      [
        ["Affiliation", "ENEMY"],
        ["Guncrew", true],
        ["Task", "CBaseAITask"]
      ]
    ],

    [
      "CC1M3Gr_KurtenkiGunPak_2",
      "UnitGroup",
      "CC1M3Gr_KurtenkiGunPak_2",
      new Matrix(
          0.839521, -0.543327, 0.000000, 4854.322754,
          0.543327, 0.839521, 0.000000, 3095.905762,
          0.000000, 0.000000, 1.000000, 580.381287,
          0.000000, 0.000000, 0.000000, 1.000000
        ),
      [
        ["Units", ["KurtenkiGunPak_2", "Kurtgun2canoneer1", "Kurtgun2canoneer2"]]
      ]
    ],

    [
      "KurtenkiGunPak_2",
      "GameObject",
      "CGunPak40Unit",
      new Matrix(
          0.994325, -0.106347, -0.002979, 4856.241211,
          0.106389, 0.993990, 0.025792, 3095.647705,
          0.000218, -0.025962, 0.999663, 580.651184,
          0.000000, 0.000000, 0.000000, 1.000000
        ),
      [
        ["Affiliation", "ENEMY"],
        ["Task", "CBaseAITask"],
        ["HitPoints", 120.000000],
        ["SurfaceControl", "PutonGround"],
        ["Route", []],
        ["ShadowPlaneOffset", 0.050000]
      ]
    ],

    [
      "Kurtgun2canoneer1",
      "GameObject",
      "CGermanSoldierRifleUnit",
      new Matrix(
          0.839521, -0.543327, 0.000000, 4854.322754,
          0.543327, 0.839521, 0.000000, 3095.905762,
          0.000000, 0.000000, 1.000000, 580.381287,
          0.000000, 0.000000, 0.000000, 1.000000
        ),
      [
        ["Affiliation", "ENEMY"],
        ["Guncrew", true],
        ["Task", "CBaseAITask"]
      ]
    ],

    [
      "Kurtgun2canoneer2",
      "GameObject",
      "CGermanSoldierRifleUnit",
      new Matrix(
          0.839521, -0.543327, 0.000000, 4854.592773,
          0.543327, 0.839521, 0.000000, 3094.901855,
          0.000000, 0.000000, 1.000000, 580.413330,
          0.000000, 0.000000, 0.000000, 1.000000
        ),
      [
        ["Affiliation", "ENEMY"],
        ["Guncrew", true],
        ["Task", "CBaseAITask"]
      ]
    ],

    [
      "German_01_PzIV",
      "GameObject",
      "CTankPzIVGUnit",
      new Matrix(
          -0.007067, 0.998690, 0.050684, 4856.315430,
          -0.999972, -0.007182, 0.002082, 6556.281250,
          0.002443, -0.050668, 0.998712, 586.811584,
          0.000000, 0.000000, 0.000000, 1.000000
        ),
      [
        ["Affiliation", "ENEMY"],
        ["Task", "CC1M3GermanPanzerTask"],
        ["BehRadarMask", [["FRIEND", "MainMesh"], ["NEUTRAL", "InvisibleOnRadar"]]],
        ["Number", "133"]
      ]
    ],

    [
      "German_02_PzVI",
      "GameObject",
      "CTankPzVIAusfEUnit",
      new Matrix(
          0.013852, 0.999398, 0.031810, 4856.137695,
          -0.999861, 0.013548, 0.009737, 6609.933105,
          0.009300, -0.031940, 0.999446, 587.947754,
          0.000000, 0.000000, 0.000000, 1.000000
        ),
      [
        ["Affiliation", "ENEMY"],
        ["Task", "CC1M3GermanPanzerTask"],
        ["BehRadarMask", [["FRIEND", "MainMesh"], ["NEUTRAL", "InvisibleOnRadar"]]],
        ["Number", "142"],
        ["HitPoints", 1000.000000],
        ["SurfaceControl", "PutonGroundLandingJoints"],
        ["Route", []],
        ["ShadowPlaneOffset", 0.050000],
        ["FakeShadowOffset", 0.090000]
      ]
    ],

    [
      "German_03_PzVI",
      "GameObject",
      "CTankPzVIAusfEUnit",
      new Matrix(
          0.018808, 0.999555, 0.023136, 4855.798340,
          -0.999468, 0.018180, 0.027062, 6645.419434,
          0.026630, -0.023633, 0.999366, 587.365540,
          0.000000, 0.000000, 0.000000, 1.000000
        ),
      [
        ["Affiliation", "ENEMY"],
        ["Task", "CC1M3SpecialForTigerUnit"],
        ["BehRadarMask", [["FRIEND", "MainMesh"], ["NEUTRAL", "InvisibleOnRadar"]]],
        ["Number", "143"]
      ]
    ],

    [
      "German_04_Hanomag",
      "GameObject",
      "CBtrHanomag251AusfCUnit",
      new Matrix(
          0.084939, 0.996386, -0.000055, 4828.847656,
          -0.996386, 0.084939, 0.000000, 6709.630371,
          0.000005, 0.000055, 1.000000, 585.890015,
          0.000000, 0.000000, 0.000000, 1.000000
        ),
      [
        ["Affiliation", "ENEMY"],
        ["Task", "CC1M3GermanPanzerTask"],
        ["BehRadarMask", [["FRIEND", "MainMesh"], ["NEUTRAL", "InvisibleOnRadar"]]]
      ]
    ],

    [
      "German_05_OpelBlitz",
      "GameObject",
      "CTruckOpelBlitzUnit",
      new Matrix(
          -0.430260, 0.900461, -0.063601, 4897.895020,
          -0.902289, -0.431133, 0.000012, 6679.572266,
          -0.027409, 0.057392, 0.997975, 587.145264,
          0.000000, 0.000000, 0.000000, 1.000000
        ),
      [
        ["Affiliation", "ENEMY"],
        ["Task", "CC1M3GermanPanzerTask"],
        ["BehRadarMask", [["FRIEND", "MainMesh"], ["NEUTRAL", "InvisibleOnRadar"]]]
      ]
    ],

    [
      "German_06_OpelBlitz",
      "GameObject",
      "CTruckOpelBlitzUnit",
      new Matrix(
          -0.475431, 0.876716, -0.073033, 4905.962891,
          -0.873325, -0.480345, -0.081071, 6674.722656,
          -0.106158, 0.025238, 0.994029, 587.516418,
          0.000000, 0.000000, 0.000000, 1.000000
        ),
      [
        ["Affiliation", "ENEMY"],
        ["Task", "CC1M3GermanPanzerTask"],
        ["BehRadarMask", [["FRIEND", "MainMesh"], ["NEUTRAL", "InvisibleOnRadar"]]]
      ]
    ],

    [
      "German_07_PzIV",
      "GameObject",
      "CTankPzIVGUnit",
      new Matrix(
          0.057572, 0.998341, 0.000000, 4856.289551,
          -0.998341, 0.057572, 0.000000, 6580.250488,
          0.000000, 0.000000, 1.000000, 586.817871,
          0.000000, 0.000000, 0.000000, 1.000000
        ),
      [
        ["Affiliation", "ENEMY"],
        ["Task", "CC1M3GermanPanzerTask"],
        ["BehRadarMask", [["FRIEND", "MainMesh"], ["NEUTRAL", "InvisibleOnRadar"]]],
        ["Number", "134"]
      ]
    ],

    [
      "CC1M3GermanOpel_Group",
      "UnitGroup",
      "CC1M3GermanOpel_Group",
      new Matrix(
          -0.430426, 0.902626, -0.000149, 4897.895020,
          -0.902626, -0.430426, 0.000127, 6679.572266,
          0.000051, 0.000189, 1.000000, 585.666321,
          0.000000, 0.000000, 0.000000, 1.000000
        ),
      [
        ["Units", ["German_05_OpelBlitz", "German_06_OpelBlitz"]],
        ["DelayedOrder", true],
        ["Formation", "CWedgeFormation"],
        ["FormationDistance", 10],
        ["MovingSpeed", 10.000000],
        ["FirstOrder", "Patrol"],
        ["CyclePath", false],
        ["MinDifficulty", 0]
      ]
    ],

    [
      "CC1M3GermanPanzer_Group",
      "UnitGroup",
      "CC1M3GermanPanzer_Group",
      new Matrix(
          -0.008415, 0.999892, -0.012007, 4856.315430,
          -0.993829, -0.007035, 0.110696, 6556.281250,
          0.110600, 0.012865, 0.993782, 587.315857,
          0.000000, 0.000000, 0.000000, 1.000000
        ),
      [
        ["Units", ["German_01_PzIV", "German_02_PzVI", "German_03_PzVI", "German_04_Hanomag", "German_05_OpelBlitz", "German_06_OpelBlitz", "German_07_PzIV"]],
        ["Path", ["NavPoint_German_Patrol_0", "NavPoint_German_Patrol_1", "NavPoint_German_Patrol_2", "NavPoint_German_Patrol_2_1", "NavPoint_German_Patrol_3", "NavPoint_German_Patrol_3_1", "NavPoint_German_Patrol_3_2", "NavPoint_German_Patrol_3_3", "NavPoint_German_Patrol_4"]],
        ["DelayedOrder", true],
        ["Formation", "Column"],
        ["FormationDistance", 50],
        ["MovingSpeed", 5.500000],
        ["FirstOrder", "Patrol"],
        ["CyclePath", false],
        ["MinDifficulty", 0]
      ]
    ],

    [
      "NavPoint_Tiger_Stop",
      "NavPoint",
      "CZAxisCylNavPoint",
      new Matrix(
          -0.874087, 0.485769, 0.000000, 4775.447266,
          -0.485769, -0.874087, 0.000000, 3864.430420,
          0.000000, 0.000000, 1.000000, 602.856384,
          0.000000, 0.000000, 0.000000, 1.000000
        ),
      [
        ["Detect", true],
        ["Mask", [["MainMesh"], []]],
        ["Range", 10.000000]
      ]
    ],

    [
      "NavPoint_Opel_Stop",
      "NavPoint",
      "CZAxisCylNavPoint",
      new Matrix(
          -0.874087, 0.485769, 0.000000, 4820.322266,
          -0.485769, -0.874087, 0.000000, 4752.220215,
          0.000000, 0.000000, 1.000000, 635.086304,
          0.000000, 0.000000, 0.000000, 1.000000
        ),
      [
        ["Range", 5.000000]
      ]
    ],

    [
      "NavPoint_German_Patrol_0",
      "NavPoint",
      "CZAxisCylNavPoint",
      new Matrix(
          -0.874087, 0.485769, 0.000000, 4935.113770,
          -0.485769, -0.874087, 0.000000, 5903.492188,
          0.000000, 0.000000, 1.000000, 622.654846,
          0.000000, 0.000000, 0.000000, 1.000000
        ),
      [
        ["Detect", true],
        ["Mask", [["MainMesh"], []]],
        ["Range", 2.000000]
      ]
    ],

    [
      "NavPoint_German_Patrol_1",
      "NavPoint",
      "CZAxisCylNavPoint",
      new Matrix(
          -0.874087, 0.485769, 0.000000, 5102.349121,
          -0.485769, -0.874087, 0.000000, 5363.612793,
          0.000000, 0.000000, 1.000000, 671.258667,
          0.000000, 0.000000, 0.000000, 1.000000
        ),
      [
        ["Detect", true],
        ["Mask", [["MainMesh"], []]],
        ["Range", 2.000000]
      ]
    ],

    [
      "NavPoint_German_Patrol_2",
      "NavPoint",
      "CZAxisCylNavPoint",
      new Matrix(
          -0.874087, 0.485769, 0.000000, 4791.067871,
          -0.485769, -0.874087, 0.000000, 4616.905762,
          0.000000, 0.000000, 1.000000, 629.420166,
          0.000000, 0.000000, 0.000000, 1.000000
        ),
      [
        ["Detect", true],
        ["Mask", [["MainMesh"], []]],
        ["Range", 2.000000]
      ]
    ],

    [
      "NavPoint_German_Patrol_3",
      "NavPoint",
      "CZAxisCylNavPoint",
      new Matrix(
          -0.874087, 0.485769, 0.000000, 4898.831543,
          -0.485769, -0.874087, 0.000000, 4396.110352,
          0.000000, 0.000000, 1.000000, 628.716492,
          0.000000, 0.000000, 0.000000, 1.000000
        ),
      [
        ["Range", 2.000000],
        ["Mask", [["MainMesh"], []]],
        ["Detect", true]
      ]
    ],

    [
      "NavPoint_German_Patrol_4",
      "NavPoint",
      "CZAxisCylNavPoint",
      new Matrix(
          -0.874087, 0.485769, 0.000000, 4791.543457,
          -0.485769, -0.874087, 0.000000, 3740.445557,
          0.000000, 0.000000, 1.000000, 594.143250,
          0.000000, 0.000000, 0.000000, 1.000000
        ),
      [
        ["Range", 30.000000],
        ["Mask", [["MainMesh"], []]],
        ["Detect", true],
        ["Name", ""],
        ["IsVisible", true],
        ["PositionType", ""],
        ["BehaviorHeight", 0.000000],
        ["MapCompass", false],
        ["IsMain", false]
      ]
    ],

    [
      "Village_Kurtenki1",
      "ObjectsGroup",
      "CObjectsGroup",
      new Matrix(
          0.494761, -0.869029, 0.000000, 0.000000,
          0.869029, 0.494761, 0.000000, 0.000000,
          0.000000, 0.000000, 1.000000, 0.000000,
          0.000000, 0.000000, 0.000000, 1.000000
        ),
      [
        ["Contents", ["Kurtenki1House1Group", "Kurtenki1House2Group", "Kurtenki1House3Group", "Kurtenki1House4Group", "Kurtenki1House5Group", "Kurtenki1House6Group", "Kurtenki1House7Group", "Kurtenki1House8Group"]]
      ]
    ],

    [
      "Village_Kurtenki1_micro",
      "Locator",
      "CTerrainPatch",
      new Matrix(
          0.011889, -0.999929, 0.000000, 4879.965820,
          0.999929, 0.011889, 0.000000, 3277.748291,
          0.000000, 0.000000, 1.000000, 575.740845,
          0.000000, 0.000000, 0.000000, 1.000000
        ),
      [
        ["Dimensions", new Vector(125.000000, 125.000000, 5.136475)],
        ["TextureName", "Textures/V_Kurtenki1_micro.tex"],
        ["ZoneName", "Textures/V_Kurtenki1_zone.bmp"],
        ["BorderSize", 20.000000]
      ]
    ],

    [
      "NavPointKurt",
      "NavPoint",
      "CZAxisCylNavPoint",
      new Matrix(
          0.011889, -0.999929, 0.000000, 4879.965820,
          0.999929, 0.011889, 0.000000, 3277.748291,
          0.000000, 0.000000, 1.000000, 575.740845,
          0.000000, 0.000000, 0.000000, 1.000000
        ),
      [
        ["Range", 7.000000],
        ["IsVisible", true],
        ["IsMain", true],
        ["Name", "CC1M3Mission_Strings::str_NavPointKurt"]
      ]
    ],

    [
      "Kurtenki1House1",
      "InteriorObject",
      "CUSRHouseWoodUnit",
      new Matrix(
          -0.025591, -0.999672, -0.000009, 4829.892090,
          0.999672, -0.025591, 0.000000, 3267.315918,
          0.000000, -0.000009, 1.000000, 577.345703,
          0.000000, 0.000000, 0.000000, 1.000000
        ),
      [
        ["SurfaceControl", "PutonGround"]
      ]
    ],

    [
      "Kurtenki1House2",
      "InteriorObject",
      "CUSRHouseWoodUnit",
      new Matrix(
          -0.034969, 0.999388, -0.000012, 4791.379883,
          -0.999388, -0.034969, 0.000000, 3265.983643,
          0.000000, 0.000012, 1.000000, 577.346741,
          0.000000, 0.000000, 0.000000, 1.000000
        ),
      [
        ["SurfaceControl", "PutonGround"]
      ]
    ],

    [
      "Kurtenki1House3",
      "InteriorObject",
      "CUSRHouseWoodUnit",
      new Matrix(
          -0.999960, 0.008904, -0.000008, 4874.985840,
          -0.008904, -0.999960, 0.000000, 3190.914063,
          -0.000008, 0.000000, 1.000000, 577.345825,
          0.000000, 0.000000, 0.000000, 1.000000
        ),
      [
        ["SurfaceControl", "PutonGround"]
      ]
    ],

    [
      "Kurtenki1House4",
      "InteriorObject",
      "CUSRHouseWoodUnit",
      new Matrix(
          0.026885, -0.999638, -0.000005, 4786.136230,
          0.999638, 0.026885, 0.000000, 3245.704590,
          0.000000, -0.000005, 1.000000, 577.348572,
          0.000000, 0.000000, 0.000000, 1.000000
        ),
      [
        ["SurfaceControl", "PutonGround"]
      ]
    ],

    [
      "Kurtenki1House5",
      "InteriorObject",
      "CUSRHouseWoodUnit",
      new Matrix(
          0.999657, -0.026195, -0.000006, 4854.135254,
          0.026195, 0.999657, 0.000000, 3194.836670,
          0.000006, 0.000000, 1.000000, 577.348572,
          0.000000, 0.000000, 0.000000, 1.000000
        ),
      [
        ["SurfaceControl", "PutonGround"]
      ]
    ],

    [
      "Kurtenki1House6",
      "InteriorObject",
      "CUSRHouseWoodUnit",
      new Matrix(
          -0.024019, -0.999711, -0.000010, 4835.909180,
          0.999711, -0.024019, 0.000000, 3245.454834,
          0.000000, -0.000010, 1.000000, 577.354431,
          0.000000, 0.000000, 0.000000, 1.000000
        ),
      [
        ["SurfaceControl", "PutonGround"]
      ]
    ],

    [
      "Kurtenki1Well",
      "InteriorObject",
      "CWaterWell_1Unit",
      new Matrix(
          -0.045095, -0.998646, -0.025942, 4936.261719,
          0.998965, -0.045232, 0.004730, 3249.487793,
          -0.005897, -0.025702, 0.999652, 578.418945,
          0.000000, 0.000000, 0.000000, 1.000000
        ),
      [
        ["SurfaceControl", "None"]
      ]
    ],

    [
      "Kurtenki1House1_fence_03",
      "InteriorObject",
      "CFenceWickerUnit",
      new Matrix(
          0.028546, -0.999592, -0.000587, 4856.512695,
          0.999592, 0.028546, 0.000000, 3263.733398,
          0.000017, -0.000587, 1.000000, 577.407166,
          0.000000, 0.000000, 0.000000, 1.000000
        ),
      [
        ["Length", 6]
      ]
    ],

    [
      "Kurtenki1House1_fence_06",
      "InteriorObject",
      "CFenceWickerUnit",
      new Matrix(
          -0.999664, -0.025901, -0.000032, 4857.481934,
          0.025901, -0.999664, 0.000000, 3303.429199,
          -0.000032, -0.000001, 1.000000, 577.409302,
          0.000000, 0.000000, 0.000000, 1.000000
        ),
      [
        ["Length", 8]
      ]
    ],

    [
      "Kurtenki1House1_fence_02",
      "InteriorObject",
      "CFenceWickerUnit",
      new Matrix(
          0.999782, 0.020866, -0.000018, 4842.559570,
          -0.020866, 0.999782, 0.000000, 3264.084717,
          0.000018, 0.000000, 1.000000, 577.412292,
          0.000000, 0.000000, 0.000000, 1.000000
        ),
      [
        ["Length", 7]
      ]
    ],

    [
      "Kurtenki1House1_fence_08",
      "InteriorObject",
      "CFenceWickerUnit",
      new Matrix(
          0.001337, 0.999999, -0.000420, 4823.926270,
          -0.999999, 0.001337, 0.000000, 3301.414307,
          0.000001, 0.000420, 1.000000, 577.404907,
          0.000000, 0.000000, 0.000000, 1.000000
        ),
      [
        ["Length", 9]
      ]
    ],

    [
      "Kurtenki1House1_fences",
      "ObjectsGroup",
      "CObjectsGroup",
      new Matrix(
          -0.028505, 0.999594, 0.000000, 4833.953125,
          -0.999594, -0.028507, 0.000000, 3283.025635,
          0.000000, 0.000000, 1.000000, 577.752258,
          0.000000, 0.000000, 0.000000, 1.000000
        ),
      [
        ["Contents", []]
      ]
    ],

    [
      "Kurtenki1House6_fence_10",
      "InteriorObject",
      "CFenceWickerUnit",
      new Matrix(
          0.005244, -0.999986, -0.000773, 4857.098145,
          0.999986, 0.005244, 0.000000, 3199.199219,
          0.000004, -0.000772, 1.000000, 577.408203,
          0.000000, 0.000000, 0.000000, 1.000000
        ),
      [
        ["Length", 8]
      ]
    ],

    [
      "Kurtenki1House6_fence_03",
      "InteriorObject",
      "CFenceWickerUnit",
      new Matrix(
          -0.006256, 0.999980, -0.000169, 4815.520020,
          -0.999980, -0.006256, 0.000000, 3248.141357,
          -0.000001, 0.000169, 1.000000, 577.407227,
          0.000000, 0.000000, 0.000000, 1.000000
        ),
      [
        ["Length", 9]
      ]
    ],

    [
      "Kurtenki1House6_fence_13",
      "InteriorObject",
      "CFenceWickerUnit",
      new Matrix(
          -0.999653, -0.026340, -0.000007, 4857.399414,
          0.026340, -0.999653, 0.000000, 3247.057861,
          -0.000007, 0.000000, 1.000000, 577.405579,
          0.000000, 0.000000, 0.000000, 1.000000
        ),
      [
        ["Length", 5]
      ]
    ],

    [
      "Kurtenki1House6_fence_01",
      "InteriorObject",
      "CFenceWickerUnit",
      new Matrix(
          -0.999917, -0.012881, -0.000014, 4831.530273,
          0.012881, -0.999917, 0.000000, 3247.876465,
          -0.000014, 0.000000, 1.000000, 577.410522,
          0.000000, 0.000000, 0.000000, 1.000000
        ),
      [
        ["Length", 9]
      ]
    ],

    [
      "Kurtenki1House6_fences",
      "ObjectsGroup",
      "CObjectsGroup",
      new Matrix(
          -0.007161, 0.999974, 0.000000, 4832.233398,
          -0.999974, -0.007162, 0.000000, 3228.557373,
          0.000000, 0.000000, 1.000000, 578.750366,
          0.000000, 0.000000, 0.000000, 1.000000
        ),
      [
        ["Contents", []]
      ]
    ],

    [
      "Kurtenki1House6_Shed",
      "InteriorObject",
      "CUSRShedWoodUnit",
      new Matrix(
          0.030103, 0.999547, -0.000006, 4851.468262,
          -0.999547, 0.030103, 0.000000, 3229.522949,
          0.000000, 0.000006, 1.000000, 577.338623,
          0.000000, 0.000000, 0.000000, 1.000000
        ),
      [
        ["SurfaceControl", "PutonGround"]
      ]
    ],

    [
      "Kurtenki1House3_Corral",
      "InteriorObject",
      "CUSRCorralWoodUnit",
      new Matrix(
          0.006169, 0.999981, -0.000010, 4878.187012,
          -0.999981, 0.006169, 0.000000, 3210.137939,
          0.000000, 0.000010, 1.000000, 577.365234,
          0.000000, 0.000000, 0.000000, 1.000000
        ),
      [
        ["SurfaceControl", "PutonGround"]
      ]
    ],

    [
      "Kurtenki1House3_fences_FenceWicker_11",
      "InteriorObject",
      "CFenceWickerUnit",
      new Matrix(
          0.013110, 0.999914, 0.000000, 4872.847168,
          -0.999914, 0.013110, 0.000000, 3218.458496,
          0.000000, 0.000000, 1.000000, 577.403992,
          0.000000, 0.000000, 0.000000, 1.000000
        ),
      [
        ["Length", 8]
      ]
    ],

    [
      "Kurtenki1House3_fences_FenceWicker_02",
      "InteriorObject",
      "CFenceWickerUnit",
      new Matrix(
          0.999952, 0.009773, 0.000000, 4872.221680,
          -0.009773, 0.999952, 0.000000, 3176.648193,
          0.000000, 0.000000, 1.000000, 577.406982,
          0.000000, 0.000000, 0.000000, 1.000000
        ),
      [
        ["Length", 7]
      ]
    ],

    [
      "Kurtenki1House3_fences_FenceWicker_01",
      "InteriorObject",
      "CFenceWickerUnit",
      new Matrix(
          0.019511, 0.999809, -0.000906, 4872.090820,
          -0.999810, 0.019511, 0.000000, 3186.603516,
          0.000018, 0.000906, 0.999999, 577.408264,
          0.000000, 0.000000, 0.000000, 1.000000
        ),
      [
        ["Length", 5]
      ]
    ],

    [
      "Kurtenki1House3_fences",
      "ObjectsGroup",
      "CObjectsGroup",
      new Matrix(
          0.020045, -0.999799, 0.000000, 4896.346191,
          0.999799, 0.020045, 0.000000, 3199.643555,
          0.000000, 0.000000, 1.000000, 582.316345,
          0.000000, 0.000000, 0.000000, 1.000000
        ),
      [
        ["Contents", []]
      ]
    ],

    [
      "Kurtenki1House2_fence_03",
      "InteriorObject",
      "CFenceWickerUnit",
      new Matrix(
          -0.999932, -0.011690, -0.000012, 4823.903320,
          0.011690, -0.999932, 0.000000, 3297.819336,
          -0.000012, 0.000000, 1.000000, 577.412964,
          0.000000, 0.000000, 0.000000, 1.000000
        ),
      [
        ["Length", 5]
      ]
    ],

    [
      "Kurtenki1House2_fence_01",
      "InteriorObject",
      "CFenceWickerUnit",
      new Matrix(
          0.999983, 0.005726, -0.000004, 4795.644531,
          -0.005726, 0.999983, 0.000000, 3265.603760,
          0.000004, 0.000000, 1.000000, 577.410034,
          0.000000, 0.000000, 0.000000, 1.000000
        ),
      [
        ["Length", 8]
      ]
    ],

    [
      "Kurtenki1House2_fence_06",
      "InteriorObject",
      "CFenceWickerUnit",
      new Matrix(
          -0.012422, 0.999922, -0.001055, 4779.830078,
          -0.999923, -0.012422, 0.000000, 3297.673340,
          -0.000013, 0.001055, 0.999999, 577.405029,
          0.000000, 0.000000, 0.000000, 1.000000
        ),
      [
        ["Length", 9]
      ]
    ],

    [
      "Kurtenki1House2_fence_04",
      "InteriorObject",
      "CFenceWickerUnit",
      new Matrix(
          -0.999902, 0.013988, -0.000018, 4809.756836,
          -0.013988, -0.999902, 0.000000, 3298.035400,
          -0.000018, 0.000000, 1.000000, 577.406860,
          0.000000, 0.000000, 0.000000, 1.000000
        ),
      [
        ["Length", 8]
      ]
    ],

    [
      "Kurtenki1House2_fences",
      "ObjectsGroup",
      "CObjectsGroup",
      new Matrix(
          -0.001038, 0.999999, 0.000000, 4804.701660,
          -0.999999, -0.001039, 0.000000, 3274.329346,
          0.000000, 0.000000, 1.000000, 576.709473,
          0.000000, 0.000000, 0.000000, 1.000000
        ),
      [
        ["Contents", []]
      ]
    ],

    [
      "Kurtenki1House5_fence_04",
      "InteriorObject",
      "CFenceWickerUnit",
      new Matrix(
          -0.009294, -0.999956, -0.000687, 4858.817383,
          0.999957, -0.009294, 0.000000, 3174.028564,
          -0.000006, -0.000687, 1.000000, 577.403992,
          0.000000, 0.000000, 0.000000, 1.000000
        ),
      [
        ["Length", 7]
      ]
    ],

    [
      "Kurtenki1House5_fence_01",
      "InteriorObject",
